	CH1 Voltage	CH1 Current	CH1 Time	CH2 Voltage	CH2 Current	CH2 Time
1,1,1	0.00000E+000	-35.50000E-012	9.27900E-003	0.00000E+000	4.56600E-006	9.27900E-003
1,1,2	0.00000E+000	-25.20000E-012	177.87500E-003	42.00000E-003	-5.61000E-006	177.87500E-003
1,1,3	-100.00000E-009	-33.40000E-012	346.12700E-003	84.00000E-003	-10.86700E-006	346.12700E-003
1,1,4	0.00000E+000	-9.50000E-012	514.38500E-003	126.00000E-003	-14.62100E-006	514.38500E-003
1,1,5	0.00000E+000	-11.70000E-012	704.96300E-003	168.00000E-003	12.90500E-006	704.96300E-003
1,1,6	0.00000E+000	-38.00000E-012	873.22200E-003	210.00000E-003	14.42500E-006	873.22200E-003
1,1,7	0.00000E+000	-38.50000E-012	1.04149E+000	252.00000E-003	10.95800E-006	1.04149E+000
1,1,8	0.00000E+000	-24.00000E-012	1.22091E+000	294.00000E-003	10.03900E-006	1.22091E+000
1,1,9	0.00000E+000	-38.40000E-012	1.38916E+000	336.00000E-003	14.72900E-006	1.38916E+000
1,1,10	0.00000E+000	-47.00000E-012	1.55743E+000	378.00000E-003	13.06700E-006	1.55743E+000
1,1,11	0.00000E+000	-36.20000E-012	1.72573E+000	420.00000E-003	6.48500E-006	1.72573E+000
1,1,12	0.00000E+000	-46.40000E-012	1.89398E+000	462.00000E-003	-1.48200E-006	1.89398E+000
1,1,13	0.00000E+000	-37.50000E-012	2.06225E+000	504.00000E-003	-9.25600E-006	2.06225E+000
1,1,14	0.00000E+000	-36.80000E-012	2.23055E+000	546.00000E-003	-13.66300E-006	2.23055E+000
1,1,15	0.00000E+000	-32.60000E-012	2.39880E+000	588.00000E-003	-13.75900E-006	2.39880E+000
1,1,16	0.00000E+000	-29.00000E-012	2.56708E+000	630.00000E-003	-8.72900E-006	2.56708E+000
1,1,17	0.00000E+000	-24.90000E-012	2.73538E+000	672.00000E-003	-1.26800E-006	2.73538E+000
1,1,18	0.00000E+000	-23.80000E-012	2.90365E+000	714.00000E-003	8.07500E-006	2.90365E+000
1,1,19	0.00000E+000	-21.70000E-012	3.07188E+000	756.00000E-003	12.51000E-006	3.07188E+000
1,1,20	0.00000E+000	-13.90000E-012	3.24017E+000	798.00000E-003	14.42800E-006	3.24017E+000
1,1,21	0.00000E+000	-10.90000E-012	3.40844E+000	840.00000E-003	11.43600E-006	3.40844E+000
1,1,22	0.00000E+000	-2.40000E-012	3.57668E+000	882.00000E-003	3.57200E-006	3.57668E+000
1,1,23	0.00000E+000	24.10000E-012	3.74517E+000	924.00000E-003	-6.44900E-006	3.74517E+000
1,1,24	0.00000E+000	-14.60000E-012	3.91345E+000	966.00000E-003	-11.36600E-006	3.91345E+000
1,1,25	0.00000E+000	-24.70000E-012	4.08169E+000	1.00800E+000	-14.44100E-006	4.08169E+000
1,1,26	0.00000E+000	-24.40000E-012	4.24998E+000	1.05000E+000	-12.41600E-006	4.24998E+000
1,1,27	0.00000E+000	-19.40000E-012	4.41826E+000	1.09200E+000	-4.54600E-006	4.41826E+000
1,1,28	0.00000E+000	-22.50000E-012	4.58655E+000	1.13400E+000	4.09700E-006	4.58655E+000
1,1,29	0.00000E+000	-19.70000E-012	4.75483E+000	1.17600E+000	10.12400E-006	4.75483E+000
1,1,30	0.00000E+000	-18.50000E-012	4.92312E+000	1.21800E+000	14.67000E-006	4.92312E+000
1,1,31	0.00000E+000	-14.30000E-012	5.09134E+000	1.26000E+000	13.12400E-006	5.09134E+000
1,1,32	0.00000E+000	-9.10000E-012	5.25962E+000	1.30200E+000	6.75000E-006	5.25962E+000
1,1,33	0.00000E+000	-10.80000E-012	5.42789E+000	1.34400E+000	-1.21100E-006	5.42789E+000
1,1,34	0.00000E+000	-14.80000E-012	5.59615E+000	1.38600E+000	-9.19700E-006	5.59615E+000
1,1,35	0.00000E+000	-19.00000E-012	5.76443E+000	1.42800E+000	-13.64800E-006	5.76443E+000
1,1,36	0.00000E+000	-12.10000E-012	5.93270E+000	1.47000E+000	-13.95400E-006	5.93270E+000
1,1,37	0.00000E+000	-10.00000E-012	6.10101E+000	1.51200E+000	-8.87700E-006	6.10101E+000
1,1,38	0.00000E+000	-16.50000E-012	6.26930E+000	1.55400E+000	-1.63600E-006	6.26930E+000
1,1,39	0.00000E+000	-17.90000E-012	6.43757E+000	1.59600E+000	7.72500E-006	6.43757E+000
1,1,40	0.00000E+000	-15.30000E-012	6.60587E+000	1.63800E+000	12.38800E-006	6.60587E+000
1,1,41	0.00000E+000	-5.20000E-012	6.77414E+000	1.68000E+000	14.54700E-006	6.77414E+000
1,1,42	0.00000E+000	11.50000E-012	6.94241E+000	1.72200E+000	11.88500E-006	6.94241E+000
1,1,43	0.00000E+000	9.80000E-012	7.11068E+000	1.76400E+000	3.68600E-006	7.11068E+000
1,1,44	0.00000E+000	12.20000E-012	7.27897E+000	1.80600E+000	-4.74900E-006	7.27897E+000
1,1,45	0.00000E+000	-7.90000E-012	7.44722E+000	1.84800E+000	-10.29000E-006	7.44722E+000
1,1,46	0.00000E+000	-15.80000E-012	7.61549E+000	1.89000E+000	-14.81500E-006	7.61549E+000
1,1,47	0.00000E+000	-1.50000E-012	7.78377E+000	1.93200E+000	-12.78100E-006	7.78377E+000
1,1,48	0.00000E+000	10.10000E-012	7.95224E+000	1.97400E+000	-5.22200E-006	7.95224E+000
1,1,49	0.00000E+000	13.20000E-012	8.12077E+000	2.01600E+000	4.59400E-006	8.12077E+000
1,1,50	0.00000E+000	25.10000E-012	8.28904E+000	2.05800E+000	10.16800E-006	8.28904E+000
1,1,51	0.00000E+000	49.70000E-012	8.45728E+000	2.10000E+000	14.88800E-006	8.45728E+000
1,1,52	0.00000E+000	47.40000E-012	8.62558E+000	2.14190E+000	12.65700E-006	8.62558E+000
1,1,53	0.00000E+000	9.50000E-012	8.79386E+000	2.18400E+000	6.36800E-006	8.79386E+000
1,1,54	0.00000E+000	30.40000E-012	8.96209E+000	2.22600E+000	-1.46500E-006	8.96209E+000
1,1,55	0.00000E+000	24.50000E-012	9.13036E+000	2.26800E+000	-9.24500E-006	9.13036E+000
1,1,56	0.00000E+000	19.70000E-012	9.29865E+000	2.31000E+000	-13.60900E-006	9.29865E+000
1,1,57	0.00000E+000	15.10000E-012	9.46691E+000	2.35200E+000	-13.72300E-006	9.46691E+000
1,1,58	0.00000E+000	-8.90000E-012	9.63518E+000	2.39400E+000	-9.02800E-006	9.63518E+000
1,1,59	0.00000E+000	-600.00000E-015	9.80347E+000	2.43600E+000	-1.65700E-006	9.80347E+000
1,1,60	0.00000E+000	2.80000E-012	9.97177E+000	2.47800E+000	7.73200E-006	9.97177E+000
1,1,61	0.00000E+000	3.70000E-012	10.14003E+000	2.52000E+000	12.13300E-006	10.14003E+000
1,1,62	0.00000E+000	6.10000E-012	10.30831E+000	2.56200E+000	14.32000E-006	10.30831E+000
1,1,63	0.00000E+000	5.90000E-012	10.47655E+000	2.60400E+000	12.20100E-006	10.47655E+000
1,1,64	0.00000E+000	13.10000E-012	10.64483E+000	2.64600E+000	4.06200E-006	10.64483E+000
1,1,65	0.00000E+000	10.20000E-012	10.81311E+000	2.68800E+000	-4.42800E-006	10.81311E+000
1,1,66	0.00000E+000	10.10000E-012	10.98138E+000	2.73000E+000	-10.08600E-006	10.98138E+000
1,1,67	0.00000E+000	12.00000E-012	11.14961E+000	2.77200E+000	-14.69400E-006	11.14961E+000
1,1,68	0.00000E+000	44.90000E-012	11.31819E+000	2.81400E+000	-12.53900E-006	11.31819E+000
1,1,69	0.00000E+000	15.40000E-012	11.48644E+000	2.85600E+000	-5.40900E-006	11.48644E+000
1,1,70	0.00000E+000	15.30000E-012	11.65484E+000	2.89800E+000	3.59800E-006	11.65484E+000
1,1,71	0.00000E+000	18.20000E-012	11.82314E+000	2.94000E+000	10.02400E-006	11.82314E+000
1,1,72	0.00000E+000	16.00000E-012	11.99140E+000	2.98200E+000	14.26200E-006	11.99140E+000
1,1,73	0.00000E+000	23.90000E-012	12.15965E+000	3.02400E+000	13.42900E-006	12.15965E+000
1,1,74	0.00000E+000	34.40000E-012	12.32792E+000	3.06600E+000	7.27600E-006	12.32792E+000
1,1,75	0.00000E+000	14.60000E-012	12.49619E+000	3.10800E+000	-103.00000E-009	12.49619E+000
1,1,76	0.00000E+000	1.00000E-012	12.66444E+000	3.15000E+000	-8.60800E-006	12.66444E+000
1,1,77	0.00000E+000	-1.10000E-012	12.83272E+000	3.19200E+000	-13.22900E-006	12.83272E+000
1,1,78	0.00000E+000	12.00000E-012	13.00099E+000	3.23400E+000	-14.59800E-006	13.00099E+000
1,1,79	0.00000E+000	26.90000E-012	13.16925E+000	3.27600E+000	-10.47000E-006	13.16925E+000
1,1,80	0.00000E+000	38.50000E-012	13.33752E+000	3.31800E+000	-2.74700E-006	13.33752E+000
1,1,81	0.00000E+000	42.00000E-012	13.50578E+000	3.36000E+000	5.99300E-006	13.50578E+000
1,1,82	0.00000E+000	26.00000E-012	13.67404E+000	3.40200E+000	10.95300E-006	13.67404E+000
1,1,83	0.00000E+000	30.10000E-012	13.84233E+000	3.44400E+000	14.68400E-006	13.84233E+000
1,1,84	0.00000E+000	36.20000E-012	14.01058E+000	3.48600E+000	12.45500E-006	14.01058E+000
1,1,85	0.00000E+000	31.30000E-012	14.17895E+000	3.52800E+000	5.31300E-006	14.17895E+000
1,1,86	0.00000E+000	27.50000E-012	14.34722E+000	3.57000E+000	-3.15800E-006	14.34722E+000
1,1,87	0.00000E+000	23.30000E-012	14.51549E+000	3.61200E+000	-9.95100E-006	14.51549E+000
1,1,88	0.00000E+000	27.50000E-012	14.68378E+000	3.65400E+000	-14.17900E-006	14.68378E+000
1,1,89	0.00000E+000	28.60000E-012	14.85216E+000	3.69600E+000	-13.40300E-006	14.85216E+000
1,1,90	0.00000E+000	24.80000E-012	15.02043E+000	3.73800E+000	-6.94600E-006	15.02043E+000
1,1,91	0.00000E+000	27.10000E-012	15.18871E+000	3.78000E+000	682.00000E-009	15.18871E+000
1,1,92	0.00000E+000	30.50000E-012	15.35698E+000	3.82200E+000	9.06800E-006	15.35698E+000
1,1,93	0.00000E+000	33.20000E-012	15.52525E+000	3.86400E+000	13.52400E-006	15.52525E+000
1,1,94	0.00000E+000	32.60000E-012	15.69351E+000	3.90600E+000	14.16600E-006	15.69351E+000
1,1,95	0.00000E+000	32.60000E-012	15.86187E+000	3.94800E+000	9.32300E-006	15.86187E+000
1,1,96	0.00000E+000	30.60000E-012	16.03025E+000	3.99000E+000	1.58700E-006	16.03025E+000
1,1,97	0.00000E+000	32.50000E-012	16.19852E+000	4.03200E+000	-7.59300E-006	16.19852E+000
1,1,98	0.00000E+000	36.90000E-012	16.36683E+000	4.07400E+000	-12.37700E-006	16.36683E+000
1,1,99	0.00000E+000	44.50000E-012	16.53510E+000	4.11600E+000	-14.40000E-006	16.53510E+000
1,1,100	0.00000E+000	51.30000E-012	16.70337E+000	4.15800E+000	-11.88400E-006	16.70337E+000
1,1,101	0.00000E+000	36.10000E-012	16.87171E+000	4.20000E+000	-3.43600E-006	16.87171E+000
1,1,102	0.00000E+000	40.30000E-012	17.03996E+000	4.24200E+000	4.85800E-006	17.03996E+000
1,1,103	0.00000E+000	42.30000E-012	17.20823E+000	4.28400E+000	10.50000E-006	17.20823E+000
1,1,104	0.00000E+000	43.30000E-012	17.37672E+000	4.32600E+000	14.53100E-006	17.37672E+000
1,1,105	0.00000E+000	-4.70000E-012	17.54500E+000	4.36800E+000	12.37100E-006	17.54500E+000
1,1,106	0.00000E+000	48.70000E-012	17.73647E+000	4.41000E+000	-12.78500E-006	17.73647E+000
1,1,107	0.00000E+000	48.10000E-012	17.90472E+000	4.45200E+000	-6.05500E-006	17.90472E+000
1,1,108	0.00000E+000	53.20000E-012	18.07298E+000	4.49400E+000	1.79000E-006	18.07298E+000
1,1,109	0.00000E+000	54.80000E-012	18.24634E+000	4.53600E+000	6.91500E-006	18.24634E+000
1,1,110	0.00000E+000	49.60000E-012	18.41460E+000	4.57800E+000	-780.00000E-009	18.41460E+000
1,1,111	0.00000E+000	48.50000E-012	18.58292E+000	4.62000E+000	-9.18100E-006	18.58292E+000
1,1,112	0.00000E+000	54.60000E-012	18.75138E+000	4.66200E+000	-13.77800E-006	18.75138E+000
1,1,113	0.00000E+000	59.00000E-012	18.91963E+000	4.70400E+000	-13.66600E-006	18.91963E+000
1,1,114	0.00000E+000	74.70000E-012	19.08789E+000	4.74600E+000	-8.77100E-006	19.08789E+000
1,1,115	0.00000E+000	57.30000E-012	19.25628E+000	4.78800E+000	-845.00000E-009	19.25628E+000
1,1,116	0.00000E+000	64.40000E-012	19.42453E+000	4.83000E+000	8.08700E-006	19.42453E+000
1,1,117	0.00000E+000	56.30000E-012	19.59281E+000	4.87200E+000	12.62100E-006	19.59281E+000
1,1,118	0.00000E+000	58.80000E-012	19.76111E+000	4.91400E+000	14.38800E-006	19.76111E+000
1,1,119	0.00000E+000	51.50000E-012	19.92937E+000	4.95600E+000	11.69000E-006	19.92937E+000
1,1,120	0.00000E+000	107.10000E-012	20.09764E+000	4.99800E+000	3.68900E-006	20.09764E+000
1,1,121	0.00000E+000	54.00000E-012	20.26593E+000	5.04000E+000	-4.81700E-006	20.26593E+000
1,1,122	0.00000E+000	54.80000E-012	20.43417E+000	5.08200E+000	-10.31900E-006	20.43417E+000
1,1,123	0.00000E+000	56.30000E-012	20.60247E+000	5.12400E+000	-14.64100E-006	20.60247E+000
1,1,124	0.00000E+000	60.80000E-012	20.77078E+000	5.16600E+000	-12.57700E-006	20.77078E+000
1,1,125	0.00000E+000	60.80000E-012	20.93904E+000	5.20800E+000	-5.95600E-006	20.93904E+000
1,1,126	0.00000E+000	65.10000E-012	21.10727E+000	5.25000E+000	1.84200E-006	21.10727E+000
1,1,127	0.00000E+000	62.30000E-012	21.27557E+000	5.29200E+000	9.42300E-006	21.27557E+000
1,1,128	0.00000E+000	70.80000E-012	21.44383E+000	5.33400E+000	13.67300E-006	21.44383E+000
1,1,129	0.00000E+000	71.30000E-012	21.61206E+000	5.37600E+000	13.85900E-006	21.61206E+000
1,1,130	0.00000E+000	73.50000E-012	21.78093E+000	5.41800E+000	6.39600E-006	21.78093E+000
1,1,131	0.00000E+000	56.20000E-012	21.94920E+000	5.46000E+000	-1.57000E-006	21.94920E+000
1,1,132	0.00000E+000	65.60000E-012	22.11747E+000	5.50200E+000	-9.32300E-006	22.11747E+000
1,1,133	0.00000E+000	81.20000E-012	22.28582E+000	5.54400E+000	-13.67000E-006	22.28582E+000
1,1,134	0.00000E+000	80.90000E-012	22.45408E+000	5.58590E+000	-13.57300E-006	22.45408E+000
1,1,135	0.00000E+000	75.60000E-012	22.62240E+000	5.62800E+000	-8.75300E-006	22.62240E+000
1,1,136	0.00000E+000	81.40000E-012	22.79068E+000	5.67000E+000	-1.45000E-006	22.79068E+000
1,1,137	0.00000E+000	83.80000E-012	22.95894E+000	5.71200E+000	7.74200E-006	22.95894E+000
1,1,138	0.00000E+000	89.00000E-012	23.12721E+000	5.75400E+000	11.74500E-006	23.12721E+000
1,1,139	0.00000E+000	83.90000E-012	23.29549E+000	5.79600E+000	14.31900E-006	23.29549E+000
1,1,140	0.00000E+000	73.40000E-012	23.46374E+000	5.83800E+000	12.35600E-006	23.46374E+000
1,1,141	0.00000E+000	86.30000E-012	23.63200E+000	5.88000E+000	4.62200E-006	23.63200E+000
1,1,142	0.00000E+000	83.70000E-012	23.80028E+000	5.92200E+000	-3.87900E-006	23.80028E+000
1,1,143	0.00000E+000	82.20000E-012	23.96855E+000	5.96400E+000	-9.97700E-006	23.96855E+000
1,1,144	0.00000E+000	88.90000E-012	24.13679E+000	6.00600E+000	-14.65000E-006	24.13679E+000
1,1,145	0.00000E+000	90.10000E-012	24.30508E+000	6.04800E+000	-13.42700E-006	24.30508E+000
1,1,146	0.00000E+000	77.90000E-012	24.47335E+000	6.09000E+000	-6.89300E-006	24.47335E+000
1,1,147	0.00000E+000	89.60000E-012	24.64181E+000	6.13200E+000	1.73900E-006	24.64181E+000
1,1,148	0.00000E+000	93.40000E-012	24.81011E+000	6.17400E+000	9.46200E-006	24.81011E+000
1,1,149	0.00000E+000	84.40000E-012	24.97837E+000	6.21600E+000	13.68800E-006	24.97837E+000
1,1,150	0.00000E+000	78.40000E-012	25.14661E+000	6.25800E+000	13.78400E-006	25.14661E+000
1,1,151	0.00000E+000	80.00000E-012	25.31490E+000	6.30000E+000	9.21300E-006	25.31490E+000
1,1,152	0.00000E+000	87.60000E-012	25.48316E+000	6.34200E+000	1.94700E-006	25.48316E+000
1,1,153	0.00000E+000	87.70000E-012	25.65140E+000	6.38400E+000	-6.94500E-006	25.65140E+000
1,1,154	0.00000E+000	90.60000E-012	25.81968E+000	6.42600E+000	-11.54600E-006	25.81968E+000
1,1,155	0.00000E+000	95.40000E-012	25.98795E+000	6.46790E+000	-14.33000E-006	25.98795E+000
1,1,156	0.00000E+000	95.60000E-012	26.15632E+000	6.51000E+000	-12.26500E-006	26.15632E+000
1,1,157	0.00000E+000	82.50000E-012	26.32460E+000	6.55200E+000	-4.08000E-006	26.32460E+000
1,1,158	0.00000E+000	87.60000E-012	26.49287E+000	6.59400E+000	4.24500E-006	26.49287E+000
1,1,159	0.00000E+000	88.10000E-012	26.66115E+000	6.63600E+000	10.12800E-006	26.66115E+000
1,1,160	0.00000E+000	90.30000E-012	26.82941E+000	6.67800E+000	14.66800E-006	26.82941E+000
1,1,161	0.00000E+000	89.40000E-012	26.99784E+000	6.72000E+000	12.63300E-006	26.99784E+000
1,1,162	0.00000E+000	96.70000E-012	27.16608E+000	6.76200E+000	6.40100E-006	27.16608E+000
1,1,163	0.00000E+000	98.20000E-012	27.33435E+000	6.80400E+000	-1.52700E-006	27.33435E+000
1,1,164	0.00000E+000	96.80000E-012	27.50262E+000	6.84600E+000	-9.34500E-006	27.50262E+000
1,1,165	0.00000E+000	97.50000E-012	27.67088E+000	6.88800E+000	-13.58100E-006	27.67088E+000
1,1,166	0.00000E+000	100.60000E-012	27.83917E+000	6.93000E+000	-13.80800E-006	27.83917E+000
1,1,167	0.00000E+000	94.60000E-012	28.00742E+000	6.97200E+000	-9.22800E-006	28.00742E+000
1,1,168	0.00000E+000	95.80000E-012	28.17568E+000	7.01400E+000	-2.13400E-006	28.17568E+000
1,1,169	0.00000E+000	97.10000E-012	28.34397E+000	7.05600E+000	7.11500E-006	28.34397E+000
1,1,170	0.00000E+000	94.80000E-012	28.51222E+000	7.09800E+000	11.49400E-006	28.51222E+000
1,1,171	0.00000E+000	92.60000E-012	28.68048E+000	7.14000E+000	14.39600E-006	28.68048E+000
1,1,172	0.00000E+000	95.40000E-012	28.84899E+000	7.18200E+000	11.75100E-006	28.84899E+000
1,1,173	0.00000E+000	93.50000E-012	29.01736E+000	7.22400E+000	3.26000E-006	29.01736E+000
1,1,174	0.00000E+000	92.60000E-012	29.18562E+000	7.26600E+000	-5.31200E-006	29.18562E+000
1,1,175	0.00000E+000	97.30000E-012	29.35392E+000	7.30800E+000	-10.73500E-006	29.35392E+000
1,1,176	0.00000E+000	97.20000E-012	29.52216E+000	7.35000E+000	-14.82700E-006	29.52216E+000
1,1,177	0.00000E+000	106.20000E-012	29.69043E+000	7.39200E+000	-12.57100E-006	29.69043E+000
1,1,178	0.00000E+000	105.50000E-012	29.85873E+000	7.43400E+000	-5.73900E-006	29.85873E+000
1,1,179	0.00000E+000	102.70000E-012	30.02727E+000	7.47600E+000	3.67400E-006	30.02727E+000
1,1,180	0.00000E+000	119.60000E-012	30.19553E+000	7.51800E+000	10.03900E-006	30.19553E+000
1,1,181	0.00000E+000	115.30000E-012	30.36383E+000	7.56000E+000	14.26000E-006	30.36383E+000
1,1,182	0.00000E+000	99.50000E-012	30.53209E+000	7.60200E+000	13.49600E-006	30.53209E+000
1,1,183	0.00000E+000	96.90000E-012	30.70035E+000	7.64400E+000	7.38300E-006	30.70035E+000
1,1,184	0.00000E+000	99.30000E-012	30.86865E+000	7.68600E+000	-284.00000E-009	30.86865E+000
1,1,185	0.00000E+000	105.90000E-012	31.03689E+000	7.72800E+000	-8.70800E-006	31.03689E+000
1,1,186	0.00000E+000	103.20000E-012	31.20514E+000	7.77000E+000	-13.14300E-006	31.20514E+000
1,1,187	0.00000E+000	106.40000E-012	31.37345E+000	7.81200E+000	-14.31800E-006	31.37345E+000
1,1,188	0.00000E+000	108.10000E-012	31.54169E+000	7.85400E+000	-10.74600E-006	31.54169E+000
1,1,189	0.00000E+000	110.80000E-012	31.70995E+000	7.89600E+000	-3.01600E-006	31.70995E+000
1,1,190	0.00000E+000	109.20000E-012	31.87824E+000	7.93800E+000	5.64300E-006	31.87824E+000
1,1,191	2.20000E-006	911.50000E-012	32.04649E+000	7.98000E+000	10.66000E-006	32.04649E+000
1,1,192	1.00000E-006	201.50000E-012	32.21476E+000	8.02200E+000	14.91500E-006	32.21476E+000
1,1,193	0.00000E+000	119.10000E-012	32.38307E+000	8.06400E+000	12.44500E-006	32.38307E+000
1,1,194	0.00000E+000	112.40000E-012	32.55133E+000	8.10600E+000	5.93800E-006	32.55133E+000
1,1,195	0.00000E+000	93.60000E-012	32.71959E+000	8.14800E+000	-1.96100E-006	32.71959E+000
1,1,196	0.00000E+000	115.90000E-012	32.88789E+000	8.19000E+000	-9.48900E-006	32.88789E+000
1,1,197	0.00000E+000	130.20000E-012	33.05614E+000	8.23200E+000	-13.78000E-006	33.05614E+000
1,1,198	0.00000E+000	123.90000E-012	33.22440E+000	8.27400E+000	-13.63900E-006	33.22440E+000
1,1,199	0.00000E+000	120.00000E-012	33.39269E+000	8.31600E+000	-8.74500E-006	33.39269E+000
1,1,200	0.00000E+000	118.60000E-012	33.56097E+000	8.35800E+000	-1.61000E-006	33.56097E+000
1,1,201	0.00000E+000	116.70000E-012	33.72920E+000	8.39990E+000	7.39800E-006	33.72920E+000
1,1,202	0.00000E+000	123.10000E-012	33.89749E+000	8.44200E+000	11.87100E-006	33.89749E+000
1,1,203	0.00000E+000	128.30000E-012	34.06575E+000	8.48400E+000	14.42000E-006	34.06575E+000
1,1,204	0.00000E+000	129.40000E-012	34.23401E+000	8.52600E+000	12.27900E-006	34.23401E+000
1,1,205	0.00000E+000	123.70000E-012	34.40228E+000	8.56800E+000	4.64700E-006	34.40228E+000
1,1,206	0.00000E+000	123.80000E-012	34.57055E+000	8.61000E+000	-3.73300E-006	34.57055E+000
1,1,207	0.00000E+000	127.00000E-012	34.73882E+000	8.65200E+000	-9.98400E-006	34.73882E+000
1,1,208	0.00000E+000	126.60000E-012	34.90711E+000	8.69400E+000	-14.47300E-006	34.90711E+000
1,1,209	0.00000E+000	132.80000E-012	35.07538E+000	8.73600E+000	-13.35900E-006	35.07538E+000
1,1,210	0.00000E+000	135.70000E-012	35.24367E+000	8.77800E+000	-6.81600E-006	35.24367E+000
1,1,211	0.00000E+000	146.40000E-012	35.41195E+000	8.82000E+000	695.00000E-009	35.41195E+000
1,1,212	0.00000E+000	134.30000E-012	35.58020E+000	8.86200E+000	9.07600E-006	35.58020E+000
1,1,213	0.00000E+000	137.50000E-012	35.77190E+000	8.90400E+000	-8.83000E-006	35.77190E+000
1,1,214	0.00000E+000	138.20000E-012	35.94014E+000	8.94600E+000	-13.26900E-006	35.94014E+000
1,1,215	-100.00000E-009	132.50000E-012	36.10839E+000	8.98800E+000	-14.31900E-006	36.10839E+000
1,1,216	0.00000E+000	143.50000E-012	36.28158E+000	9.02990E+000	11.89500E-006	36.28158E+000
1,1,217	0.00000E+000	143.80000E-012	36.44984E+000	9.07200E+000	14.33700E-006	36.44984E+000
1,1,218	0.00000E+000	148.60000E-012	36.61815E+000	9.11400E+000	12.26000E-006	36.61815E+000
1,1,219	0.00000E+000	150.00000E-012	36.78666E+000	9.15600E+000	3.16200E-006	36.78666E+000
1,1,220	0.00000E+000	149.70000E-012	36.95492E+000	9.19800E+000	-5.28800E-006	36.95492E+000
1,1,221	0.00000E+000	150.10000E-012	37.12319E+000	9.24000E+000	-11.81800E-006	37.12319E+000
1,1,222	0.00000E+000	152.90000E-012	37.29161E+000	9.28200E+000	-14.59000E-006	37.29161E+000
1,1,223	0.00000E+000	155.40000E-012	37.45986E+000	9.32400E+000	-12.59700E-006	37.45986E+000
1,1,224	0.00000E+000	160.10000E-012	37.62813E+000	9.36600E+000	-5.23500E-006	37.62813E+000
1,1,225	0.00000E+000	158.60000E-012	37.79648E+000	9.40800E+000	3.46400E-006	37.79648E+000
1,1,226	0.00000E+000	161.40000E-012	37.96475E+000	9.45000E+000	9.92000E-006	37.96475E+000
1,1,227	0.00000E+000	164.10000E-012	38.13301E+000	9.49200E+000	14.08600E-006	38.13301E+000
1,1,228	0.00000E+000	159.30000E-012	38.30133E+000	9.53400E+000	13.31700E-006	38.30133E+000
1,1,229	0.00000E+000	165.10000E-012	38.46957E+000	9.57600E+000	7.38900E-006	38.46957E+000
1,1,230	0.00000E+000	166.30000E-012	38.63785E+000	9.61800E+000	-32.00000E-009	38.63785E+000
1,1,231	0.00000E+000	173.80000E-012	38.80613E+000	9.66000E+000	-8.76900E-006	38.80613E+000
1,1,232	0.00000E+000	172.80000E-012	38.97438E+000	9.70200E+000	-13.21400E-006	38.97438E+000
1,1,233	0.00000E+000	175.30000E-012	39.14264E+000	9.74400E+000	-14.28800E-006	39.14264E+000
1,1,234	0.00000E+000	178.00000E-012	39.31094E+000	9.78600E+000	-10.36300E-006	39.31094E+000
1,1,235	0.00000E+000	181.20000E-012	39.47922E+000	9.82800E+000	-2.67500E-006	39.47922E+000
1,1,236	0.00000E+000	184.40000E-012	39.64746E+000	9.87000E+000	6.09000E-006	39.64746E+000
1,1,237	0.00000E+000	183.10000E-012	39.81575E+000	9.91200E+000	11.01200E-006	39.81575E+000
1,1,238	0.00000E+000	191.00000E-012	39.98401E+000	9.95400E+000	14.55200E-006	39.98401E+000
1,1,239	0.00000E+000	196.30000E-012	40.15226E+000	9.99600E+000	12.49200E-006	40.15226E+000
1,1,240	0.00000E+000	192.40000E-012	40.32051E+000	10.03800E+000	5.55600E-006	40.32051E+000
1,1,241	0.00000E+000	196.50000E-012	40.48879E+000	10.08000E+000	-2.74500E-006	40.48879E+000
1,1,242	0.00000E+000	198.90000E-012	40.65707E+000	10.12200E+000	-9.78800E-006	40.65707E+000
1,1,243	0.00000E+000	203.50000E-012	40.82534E+000	10.16400E+000	-13.91500E-006	40.82534E+000
1,1,244	0.00000E+000	203.50000E-012	40.99363E+000	10.20600E+000	-13.71100E-006	40.99363E+000
1,1,245	0.00000E+000	206.00000E-012	41.16187E+000	10.24800E+000	-7.86900E-006	41.16187E+000
1,1,246	0.00000E+000	209.70000E-012	41.33014E+000	10.29000E+000	-482.00000E-009	41.33014E+000
1,1,247	0.00000E+000	210.80000E-012	41.49842E+000	10.33200E+000	8.61100E-006	41.49842E+000
1,1,248	0.00000E+000	212.10000E-012	41.66669E+000	10.37400E+000	13.07400E-006	41.66669E+000
1,1,249	0.00000E+000	214.90000E-012	41.83497E+000	10.41600E+000	14.32000E-006	41.83497E+000
1,1,250	0.00000E+000	220.70000E-012	42.00323E+000	10.45800E+000	10.98600E-006	42.00323E+000
1,1,251	0.00000E+000	229.00000E-012	42.17146E+000	10.50000E+000	3.26300E-006	42.17146E+000
1,1,252	0.00000E+000	237.90000E-012	42.33975E+000	10.54200E+000	-5.42700E-006	42.33975E+000
1,1,253	0.00000E+000	240.50000E-012	42.50802E+000	10.58400E+000	-10.64900E-006	42.50802E+000
1,1,254	0.00000E+000	231.60000E-012	42.67628E+000	10.62600E+000	-14.81000E-006	42.67628E+000
1,1,255	0.00000E+000	244.40000E-012	42.84457E+000	10.66800E+000	-12.61400E-006	42.84457E+000
1,1,256	0.00000E+000	248.90000E-012	43.01285E+000	10.71000E+000	-5.57000E-006	43.01285E+000
1,1,257	0.00000E+000	259.10000E-012	43.18110E+000	10.75200E+000	2.55800E-006	43.18110E+000
1,1,258	0.00000E+000	255.10000E-012	43.34939E+000	10.79400E+000	9.73200E-006	43.34939E+000
1,1,259	0.00000E+000	250.40000E-012	43.51766E+000	10.83600E+000	13.89800E-006	43.51766E+000
1,1,260	0.00000E+000	261.40000E-012	43.68591E+000	10.87800E+000	13.61200E-006	43.68591E+000
1,1,261	0.00000E+000	249.90000E-012	43.85422E+000	10.92000E+000	8.05100E-006	43.85422E+000
1,1,262	0.00000E+000	255.00000E-012	44.02259E+000	10.96200E+000	-154.00000E-009	44.02259E+000
1,1,263	0.00000E+000	246.00000E-012	44.19084E+000	11.00400E+000	-8.59200E-006	44.19084E+000
1,1,264	0.00000E+000	245.70000E-012	44.35910E+000	11.04600E+000	-13.24700E-006	44.35910E+000
1,1,265	0.00000E+000	246.60000E-012	44.52737E+000	11.08800E+000	-14.25500E-006	44.52737E+000
1,1,266	0.00000E+000	258.60000E-012	44.69564E+000	11.13000E+000	-10.37800E-006	44.69564E+000
1,1,267	0.00000E+000	250.20000E-012	44.86392E+000	11.17200E+000	-2.75300E-006	44.86392E+000
1,1,268	0.00000E+000	256.60000E-012	45.03295E+000	11.21400E+000	9.23700E-006	45.03295E+000
1,1,269	0.00000E+000	251.10000E-012	45.20121E+000	11.25600E+000	13.64900E-006	45.20121E+000
1,1,270	0.00000E+000	239.20000E-012	45.36948E+000	11.29800E+000	13.77900E-006	45.36948E+000
1,1,271	0.00000E+000	228.70000E-012	45.53773E+000	11.34000E+000	9.18000E-006	45.53773E+000
1,1,272	-200.00000E-009	247.50000E-012	45.70620E+000	11.38200E+000	630.00000E-009	45.70620E+000
1,1,273	0.00000E+000	234.90000E-012	45.87447E+000	11.42400E+000	-8.05200E-006	45.87447E+000
1,1,274	0.00000E+000	221.80000E-012	46.04273E+000	11.46600E+000	-12.72500E-006	46.04273E+000
1,1,275	0.00000E+000	219.60000E-012	46.21099E+000	11.50800E+000	-14.34100E-006	46.21099E+000
1,1,276	0.00000E+000	215.50000E-012	46.37929E+000	11.55000E+000	-11.36400E-006	46.37929E+000
1,1,277	0.00000E+000	222.80000E-012	46.54755E+000	11.59200E+000	-3.38100E-006	46.54755E+000
1,1,278	0.00000E+000	217.40000E-012	46.71580E+000	11.63400E+000	5.13400E-006	46.71580E+000
1,1,279	1.00000E-006	195.60000E-012	46.88445E+000	11.67600E+000	11.84100E-006	46.88445E+000
1,1,280	-500.00000E-009	984.30000E-012	47.05269E+000	11.71800E+000	14.30400E-006	47.05269E+000
1,1,281	100.00000E-009	273.60000E-012	47.22096E+000	11.76000E+000	12.29500E-006	47.22096E+000
1,1,282	0.00000E+000	214.30000E-012	47.38946E+000	11.80200E+000	3.36900E-006	47.38946E+000
1,1,283	0.00000E+000	208.70000E-012	47.55839E+000	11.84400E+000	-8.73600E-006	47.55839E+000
1,1,284	0.00000E+000	204.70000E-012	47.72663E+000	11.88600E+000	-13.23400E-006	47.72663E+000
1,1,285	0.00000E+000	217.60000E-012	47.89494E+000	11.92800E+000	-14.32000E-006	47.89494E+000
1,1,286	0.00000E+000	215.00000E-012	48.06320E+000	11.97000E+000	-10.38200E-006	48.06320E+000
1,1,287	-100.00000E-009	212.70000E-012	48.23143E+000	12.01200E+000	-3.03300E-006	48.23143E+000
1,1,288	100.00000E-009	212.30000E-012	48.39970E+000	12.05400E+000	5.86200E-006	48.39970E+000
1,1,289	0.00000E+000	203.20000E-012	48.56796E+000	12.09590E+000	10.80300E-006	48.56796E+000
1,1,290	100.00000E-009	198.10000E-012	48.73623E+000	12.13800E+000	14.81600E-006	48.73623E+000
1,1,291	300.00000E-009	202.90000E-012	48.90451E+000	12.18000E+000	12.43100E-006	48.90451E+000
1,1,292	0.00000E+000	200.00000E-012	49.07284E+000	12.22200E+000	5.37400E-006	49.07284E+000
1,1,293	0.00000E+000	205.50000E-012	49.24110E+000	12.26400E+000	-2.76800E-006	49.24110E+000
1,1,294	0.00000E+000	200.50000E-012	49.40939E+000	12.30600E+000	-9.89500E-006	49.40939E+000
1,1,295	0.00000E+000	210.50000E-012	49.57766E+000	12.34800E+000	-13.93800E-006	49.57766E+000
1,1,296	0.00000E+000	200.60000E-012	49.74593E+000	12.39000E+000	-13.71100E-006	49.74593E+000
1,1,297	0.00000E+000	202.10000E-012	49.91422E+000	12.43200E+000	-7.93700E-006	49.91422E+000
1,1,298	0.00000E+000	202.60000E-012	50.08262E+000	12.47390E+000	532.00000E-009	50.08262E+000
1,1,299	0.00000E+000	203.80000E-012	50.25089E+000	12.51600E+000	9.01700E-006	50.25089E+000
1,1,300	0.00000E+000	203.90000E-012	50.41918E+000	12.55800E+000	13.38700E-006	50.41918E+000
1,1,301	0.00000E+000	204.70000E-012	50.58744E+000	12.60000E+000	14.19000E-006	50.58744E+000
1,1,302	0.00000E+000	205.40000E-012	50.75581E+000	12.64200E+000	9.50500E-006	50.75581E+000
1,1,303	0.00000E+000	206.30000E-012	50.92415E+000	12.68400E+000	1.89800E-006	50.92415E+000
1,1,304	0.00000E+000	207.30000E-012	51.09240E+000	12.72600E+000	-7.04200E-006	51.09240E+000
1,1,305	0.00000E+000	207.00000E-012	51.26148E+000	12.76800E+000	-13.93500E-006	51.26148E+000
1,1,306	0.00000E+000	204.10000E-012	51.42979E+000	12.81000E+000	-13.67200E-006	51.42979E+000
1,1,307	3.30000E-006	238.90000E-012	51.59805E+000	12.85200E+000	-7.85600E-006	51.59805E+000
1,1,308	-700.00000E-009	231.30000E-012	51.76633E+000	12.89400E+000	-427.00000E-009	51.76633E+000
1,1,309	500.00000E-009	899.90000E-012	51.93462E+000	12.93600E+000	8.57500E-006	51.93462E+000
1,1,310	0.00000E+000	203.40000E-012	52.10288E+000	12.97800E+000	12.93300E-006	52.10288E+000
1,1,311	0.00000E+000	213.10000E-012	52.27115E+000	13.02000E+000	14.43700E-006	52.27115E+000
1,1,312	0.00000E+000	214.70000E-012	52.43943E+000	13.06200E+000	11.14400E-006	52.43943E+000
1,1,313	0.00000E+000	213.70000E-012	52.60771E+000	13.10400E+000	3.38700E-006	52.60771E+000
1,1,314	0.00000E+000	217.10000E-012	52.77596E+000	13.14600E+000	-4.97000E-006	52.77596E+000
1,1,315	0.00000E+000	218.10000E-012	52.94424E+000	13.18800E+000	-10.47700E-006	52.94424E+000
1,1,316	0.00000E+000	221.50000E-012	53.11250E+000	13.23000E+000	-14.84300E-006	53.11250E+000
1,1,317	0.00000E+000	223.80000E-012	53.30376E+000	13.27200E+000	13.80200E-006	53.30376E+000
1,1,318	0.00000E+000	225.60000E-012	53.47201E+000	13.31400E+000	13.58000E-006	53.47201E+000
1,1,319	0.00000E+000	229.90000E-012	53.64028E+000	13.35600E+000	8.65000E-006	53.64028E+000
1,1,320	0.00000E+000	230.60000E-012	53.81638E+000	13.39800E+000	-3.73400E-006	53.81638E+000
1,1,321	0.00000E+000	230.20000E-012	53.98464E+000	13.44000E+000	4.86400E-006	53.98464E+000
1,1,322	0.00000E+000	239.70000E-012	54.15288E+000	13.48200E+000	10.20000E-006	54.15288E+000
1,1,323	0.00000E+000	239.20000E-012	54.32117E+000	13.52400E+000	14.84300E-006	54.32117E+000
1,1,324	0.00000E+000	239.70000E-012	54.48942E+000	13.56600E+000	12.95300E-006	54.48942E+000
1,1,325	0.00000E+000	239.90000E-012	54.65767E+000	13.60800E+000	6.84300E-006	54.65767E+000
1,1,326	0.00000E+000	242.70000E-012	54.82594E+000	13.65000E+000	-944.00000E-009	54.82594E+000
1,1,327	0.00000E+000	245.20000E-012	54.99420E+000	13.69200E+000	-9.06700E-006	54.99420E+000
1,1,328	0.00000E+000	248.10000E-012	55.16246E+000	13.73400E+000	-13.53400E-006	55.16246E+000
1,1,329	0.00000E+000	252.00000E-012	55.33074E+000	13.77600E+000	-14.07900E-006	55.33074E+000
1,1,330	0.00000E+000	254.00000E-012	55.49899E+000	13.81790E+000	-9.75800E-006	55.49899E+000
1,1,331	0.00000E+000	258.30000E-012	55.66726E+000	13.86000E+000	-2.55500E-006	55.66726E+000
1,1,332	0.00000E+000	261.00000E-012	55.83554E+000	13.90190E+000	6.56100E-006	55.83554E+000
1,1,333	0.00000E+000	262.40000E-012	56.00378E+000	13.94400E+000	11.07100E-006	56.00378E+000
1,1,334	0.00000E+000	265.90000E-012	56.17203E+000	13.98600E+000	14.65000E-006	56.17203E+000
1,1,335	0.00000E+000	274.30000E-012	56.34031E+000	14.02800E+000	12.40300E-006	56.34031E+000
1,1,336	0.00000E+000	272.30000E-012	56.50857E+000	14.07000E+000	5.76800E-006	56.50857E+000
1,1,337	0.00000E+000	274.70000E-012	56.67683E+000	14.11200E+000	-2.27300E-006	56.67683E+000
1,1,338	0.00000E+000	279.80000E-012	56.84510E+000	14.15400E+000	-9.59600E-006	56.84510E+000
1,1,339	0.00000E+000	282.90000E-012	57.01337E+000	14.19600E+000	-13.76600E-006	57.01337E+000
1,1,340	0.00000E+000	286.20000E-012	57.18162E+000	14.23800E+000	-13.58300E-006	57.18162E+000
1,1,341	0.00000E+000	289.30000E-012	57.34991E+000	14.28000E+000	-8.63500E-006	57.34991E+000
1,1,342	0.00000E+000	292.80000E-012	57.51818E+000	14.32200E+000	-1.60100E-006	57.51818E+000
1,1,343	0.00000E+000	296.70000E-012	57.68643E+000	14.36400E+000	7.55700E-006	57.68643E+000
1,1,344	0.00000E+000	301.70000E-012	57.85472E+000	14.40600E+000	11.83100E-006	57.85472E+000
1,1,345	0.00000E+000	305.90000E-012	58.02301E+000	14.44800E+000	14.07300E-006	58.02301E+000
1,1,346	0.00000E+000	310.20000E-012	58.19123E+000	14.49000E+000	12.30800E-006	58.19123E+000
1,1,347	0.00000E+000	314.30000E-012	58.35952E+000	14.53200E+000	4.67800E-006	58.35952E+000
1,1,348	0.00000E+000	318.20000E-012	58.52779E+000	14.57400E+000	-3.81500E-006	58.52779E+000
1,1,349	0.00000E+000	323.00000E-012	58.69650E+000	14.61600E+000	-11.11200E-006	58.69650E+000
1,1,350	0.00000E+000	759.30000E-012	58.86479E+000	14.65800E+000	-14.52000E-006	58.86479E+000
1,1,351	-100.00000E-009	341.00000E-012	59.03306E+000	14.70000E+000	-12.51100E-006	59.03306E+000
1,1,352	0.00000E+000	334.10000E-012	59.20130E+000	14.74200E+000	-5.45100E-006	59.20130E+000
1,1,353	0.00000E+000	338.30000E-012	59.36959E+000	14.78400E+000	2.72300E-006	59.36959E+000
1,1,354	0.00000E+000	344.30000E-012	59.53786E+000	14.82600E+000	9.73500E-006	59.53786E+000
1,1,355	0.00000E+000	347.30000E-012	59.70611E+000	14.86800E+000	13.81400E-006	59.70611E+000
1,1,356	0.00000E+000	352.00000E-012	59.87438E+000	14.91000E+000	13.62400E-006	59.87438E+000
1,1,357	0.00000E+000	357.10000E-012	60.04266E+000	14.95200E+000	8.69800E-006	60.04266E+000
1,1,358	0.00000E+000	364.40000E-012	60.21090E+000	14.99400E+000	1.52100E-006	60.21090E+000
1,1,359	0.00000E+000	368.10000E-012	60.37918E+000	15.03600E+000	-7.41600E-006	60.37918E+000
1,1,360	0.00000E+000	374.30000E-012	60.54746E+000	15.07800E+000	-11.99200E-006	60.54746E+000
1,1,361	0.00000E+000	380.00000E-012	60.71572E+000	15.12000E+000	-14.27900E-006	60.71572E+000
1,1,362	0.00000E+000	388.90000E-012	60.88399E+000	15.16200E+000	-12.40800E-006	60.88399E+000
1,1,363	0.00000E+000	387.40000E-012	61.05227E+000	15.20400E+000	-4.68200E-006	61.05227E+000
1,1,364	0.00000E+000	394.20000E-012	61.22079E+000	15.24600E+000	5.10200E-006	61.22079E+000
1,1,365	0.00000E+000	399.00000E-012	61.38905E+000	15.28800E+000	10.32300E-006	61.38905E+000
1,1,366	0.00000E+000	404.30000E-012	61.55745E+000	15.33000E+000	14.80300E-006	61.55745E+000
1,1,367	0.00000E+000	408.90000E-012	61.72570E+000	15.37200E+000	12.74200E-006	61.72570E+000
1,1,368	0.00000E+000	417.80000E-012	61.89397E+000	15.41400E+000	5.95300E-006	61.89397E+000
1,1,369	0.00000E+000	421.70000E-012	62.06223E+000	15.45600E+000	-1.89100E-006	62.06223E+000
1,1,370	0.00000E+000	424.20000E-012	62.23050E+000	15.49800E+000	-9.39000E-006	62.23050E+000
1,1,371	0.00000E+000	425.00000E-012	62.39878E+000	15.54000E+000	-13.65900E-006	62.39878E+000
1,1,372	0.00000E+000	431.00000E-012	62.56712E+000	15.58200E+000	-13.68000E-006	62.56712E+000
1,1,373	0.00000E+000	433.70000E-012	62.73538E+000	15.62400E+000	-8.76900E-006	62.73538E+000
1,1,374	0.00000E+000	434.00000E-012	62.90366E+000	15.66600E+000	-1.79200E-006	62.90366E+000
1,1,375	0.00000E+000	435.00000E-012	63.07191E+000	15.70800E+000	7.35500E-006	63.07191E+000
1,1,376	0.00000E+000	434.90000E-012	63.24019E+000	15.75000E+000	11.71800E-006	63.24019E+000
1,1,377	0.00000E+000	434.40000E-012	63.40846E+000	15.79200E+000	14.35500E-006	63.40846E+000
1,1,378	0.00000E+000	432.60000E-012	63.57715E+000	15.83400E+000	10.26800E-006	63.57715E+000
1,1,379	0.00000E+000	430.30000E-012	63.74541E+000	15.87600E+000	2.90700E-006	63.74541E+000
1,1,380	0.00000E+000	427.00000E-012	63.91367E+000	15.91800E+000	-5.79800E-006	63.91367E+000
1,1,381	0.00000E+000	423.70000E-012	64.08194E+000	15.96000E+000	-10.76400E-006	64.08194E+000
1,1,382	0.00000E+000	419.70000E-012	64.25020E+000	16.00200E+000	-14.75900E-006	64.25020E+000
1,1,383	0.00000E+000	419.90000E-012	64.42001E+000	16.04400E+000	-5.91600E-006	64.42001E+000
1,1,384	0.00000E+000	432.40000E-012	64.58832E+000	16.08600E+000	2.19400E-006	64.58832E+000
1,1,385	0.00000E+000	406.50000E-012	64.75687E+000	16.12800E+000	9.93100E-006	64.75687E+000
1,1,386	0.00000E+000	402.90000E-012	64.92517E+000	16.17000E+000	14.18400E-006	64.92517E+000
1,1,387	0.00000E+000	398.70000E-012	65.09342E+000	16.21200E+000	13.56900E-006	65.09342E+000
1,1,388	0.00000E+000	395.20000E-012	65.26168E+000	16.25400E+000	7.85700E-006	65.26168E+000
1,1,389	0.00000E+000	390.60000E-012	65.42996E+000	16.29600E+000	505.00000E-009	65.42996E+000
1,1,390	0.00000E+000	385.90000E-012	65.59822E+000	16.33800E+000	-7.79900E-006	65.59822E+000
1,1,391	0.00000E+000	382.70000E-012	65.76647E+000	16.38000E+000	-12.54600E-006	65.76647E+000
1,1,392	0.00000E+000	379.40000E-012	65.93477E+000	16.42200E+000	-14.49300E-006	65.93477E+000
1,1,393	0.00000E+000	373.70000E-012	66.10305E+000	16.46390E+000	-11.68800E-006	66.10305E+000
1,1,394	0.00000E+000	369.70000E-012	66.27129E+000	16.50600E+000	-3.86500E-006	66.27129E+000
1,1,395	0.00000E+000	364.80000E-012	66.43958E+000	16.54800E+000	4.75200E-006	66.43958E+000
1,1,396	0.00000E+000	360.40000E-012	66.60785E+000	16.59000E+000	10.38600E-006	66.60785E+000
1,1,397	0.00000E+000	356.10000E-012	66.77611E+000	16.63200E+000	14.63800E-006	66.77611E+000
1,1,398	0.00000E+000	348.70000E-012	66.94440E+000	16.67400E+000	13.06200E-006	66.94440E+000
1,1,399	0.00000E+000	346.80000E-012	67.11266E+000	16.71600E+000	6.93200E-006	67.11266E+000
1,1,400	0.00000E+000	340.70000E-012	67.28091E+000	16.75800E+000	-677.00000E-009	67.28091E+000
1,1,401	0.00000E+000	336.20000E-012	67.44920E+000	16.80000E+000	-8.93700E-006	67.44920E+000
1,1,402	0.00000E+000	343.00000E-012	67.61749E+000	16.84200E+000	-13.38400E-006	67.61749E+000
1,1,403	0.00000E+000	334.80000E-012	67.78650E+000	16.88400E+000	-12.71100E-006	67.78650E+000
1,1,404	0.00000E+000	330.50000E-012	67.95479E+000	16.92600E+000	-6.24800E-006	67.95479E+000
1,1,405	0.00000E+000	329.70000E-012	68.12303E+000	16.96800E+000	1.45700E-006	68.12303E+000
1,1,406	0.00000E+000	325.50000E-012	68.29129E+000	17.01000E+000	9.17400E-006	68.29129E+000
1,1,407	0.00000E+000	323.20000E-012	68.45959E+000	17.05200E+000	13.59800E-006	68.45959E+000
1,1,408	0.00000E+000	313.70000E-012	68.62786E+000	17.09400E+000	13.98400E-006	68.62786E+000
1,1,409	0.00000E+000	305.00000E-012	68.79610E+000	17.13600E+000	9.78600E-006	68.79610E+000
1,1,410	0.00000E+000	317.60000E-012	68.96441E+000	17.17800E+000	2.46000E-006	68.96441E+000
1,1,411	0.00000E+000	313.80000E-012	69.13268E+000	17.22000E+000	-6.44900E-006	69.13268E+000
1,1,412	0.00000E+000	318.70000E-012	69.30092E+000	17.26200E+000	-11.14100E-006	69.30092E+000
1,1,413	0.00000E+000	315.10000E-012	69.46921E+000	17.30400E+000	-14.63900E-006	69.46921E+000
1,1,414	0.00000E+000	315.50000E-012	69.63747E+000	17.34600E+000	-12.55200E-006	69.63747E+000
1,1,415	0.00000E+000	319.10000E-012	69.80571E+000	17.38800E+000	-5.63600E-006	69.80571E+000
1,1,416	0.00000E+000	320.40000E-012	69.97398E+000	17.43000E+000	2.28000E-006	69.97398E+000
1,1,417	0.00000E+000	318.20000E-012	70.14225E+000	17.47200E+000	9.52300E-006	70.14225E+000
1,1,418	0.00000E+000	315.60000E-012	70.31069E+000	17.51400E+000	14.00400E-006	70.31069E+000
1,1,419	0.00000E+000	316.80000E-012	70.47894E+000	17.55600E+000	13.67200E-006	70.47894E+000
1,1,420	0.00000E+000	316.80000E-012	70.64723E+000	17.59800E+000	8.15200E-006	70.64723E+000
1,1,421	0.00000E+000	315.30000E-012	70.83687E+000	17.64000E+000	-14.37400E-006	70.83687E+000
1,1,422	0.00000E+000	344.80000E-012	71.00514E+000	17.68200E+000	-11.29600E-006	71.00514E+000
1,1,423	0.00000E+000	411.10000E-012	71.17341E+000	17.72400E+000	-3.49500E-006	71.17341E+000
1,1,424	0.00000E+000	365.00000E-012	71.35009E+000	17.76600E+000	-5.33200E-006	71.35009E+000
1,1,425	-5.20000E-006	841.50000E-012	71.51840E+000	17.80800E+000	-10.76200E-006	71.51840E+000
1,1,426	1.80000E-006	325.00000E-012	71.68665E+000	17.85000E+000	-14.77400E-006	71.68665E+000
1,1,427	-400.00000E-009	349.30000E-012	71.85492E+000	17.89200E+000	-12.54800E-006	71.85492E+000
1,1,428	0.00000E+000	352.00000E-012	72.02339E+000	17.93400E+000	-5.17300E-006	72.02339E+000
1,1,429	0.00000E+000	345.00000E-012	72.19164E+000	17.97600E+000	3.00000E-006	72.19164E+000
1,1,430	0.00000E+000	332.70000E-012	72.35992E+000	18.01800E+000	9.79700E-006	72.35992E+000
1,1,431	300.00000E-009	335.90000E-012	72.52828E+000	18.06000E+000	14.05800E-006	72.52828E+000
1,1,432	-1.50000E-006	1.13900E-009	72.69653E+000	18.10200E+000	13.70300E-006	72.69653E+000
1,1,433	1.10000E-006	852.30000E-012	72.86479E+000	18.14400E+000	7.98400E-006	72.86479E+000
1,1,434	0.00000E+000	324.00000E-012	73.03315E+000	18.18600E+000	149.00000E-009	73.03315E+000
1,1,435	0.00000E+000	326.30000E-012	73.20138E+000	18.22800E+000	-8.30000E-006	73.20138E+000
1,1,436	0.00000E+000	334.20000E-012	73.36979E+000	18.27000E+000	-13.31300E-006	73.36979E+000
1,1,437	0.00000E+000	336.80000E-012	73.53817E+000	18.31200E+000	-14.15000E-006	73.53817E+000
1,1,438	0.00000E+000	336.90000E-012	73.70642E+000	18.35390E+000	-9.89400E-006	73.70642E+000
1,1,439	0.00000E+000	335.70000E-012	73.87468E+000	18.39600E+000	-2.73800E-006	73.87468E+000
1,1,440	0.00000E+000	338.50000E-012	74.04307E+000	18.43800E+000	6.78000E-006	74.04307E+000
1,1,441	0.00000E+000	346.80000E-012	74.21131E+000	18.48000E+000	11.21600E-006	74.21131E+000
1,1,442	0.00000E+000	352.10000E-012	74.37958E+000	18.52200E+000	14.46800E-006	74.37958E+000
1,1,443	0.00000E+000	355.80000E-012	74.54796E+000	18.56400E+000	12.36600E-006	74.54796E+000
1,1,444	0.00000E+000	359.20000E-012	74.71621E+000	18.60600E+000	5.10500E-006	74.71621E+000
1,1,445	0.00000E+000	365.60000E-012	74.88448E+000	18.64800E+000	-3.18600E-006	74.88448E+000
1,1,446	0.00000E+000	375.10000E-012	75.05285E+000	18.69000E+000	-9.97200E-006	75.05285E+000
1,1,447	0.00000E+000	377.30000E-012	75.22107E+000	18.73200E+000	-14.00300E-006	75.22107E+000
1,1,448	0.00000E+000	388.20000E-012	75.38935E+000	18.77400E+000	-13.68100E-006	75.38935E+000
1,1,449	0.00000E+000	401.40000E-012	75.55772E+000	18.81600E+000	-7.12000E-006	75.55772E+000
1,1,450	0.00000E+000	404.40000E-012	75.72613E+000	18.85790E+000	1.34000E-006	75.72613E+000
1,1,451	0.00000E+000	404.30000E-012	75.89441E+000	18.90000E+000	9.12500E-006	75.89441E+000
1,1,452	0.00000E+000	402.60000E-012	76.06277E+000	18.94200E+000	13.60200E-006	76.06277E+000
1,1,453	0.00000E+000	405.60000E-012	76.23101E+000	18.98400E+000	13.94800E-006	76.23101E+000
1,1,454	0.00000E+000	410.50000E-012	76.39928E+000	19.02600E+000	9.65400E-006	76.39928E+000
1,1,455	0.00000E+000	414.00000E-012	76.56766E+000	19.06800E+000	1.96100E-006	76.56766E+000
1,1,456	0.00000E+000	418.40000E-012	76.73590E+000	19.11000E+000	-6.96100E-006	76.73590E+000
1,1,457	0.00000E+000	423.30000E-012	76.90416E+000	19.15200E+000	-11.35000E-006	76.90416E+000
1,1,458	0.00000E+000	428.10000E-012	77.07252E+000	19.19400E+000	-14.37200E-006	77.07252E+000
1,1,459	0.00000E+000	429.20000E-012	77.24077E+000	19.23600E+000	-12.18300E-006	77.24077E+000
1,1,460	0.00000E+000	434.60000E-012	77.40905E+000	19.27800E+000	-4.80300E-006	77.40905E+000
1,1,461	0.00000E+000	439.10000E-012	77.57740E+000	19.32000E+000	3.95900E-006	77.57740E+000
1,1,462	0.00000E+000	442.60000E-012	77.74566E+000	19.36200E+000	10.00500E-006	77.74566E+000
1,1,463	0.00000E+000	449.60000E-012	77.91393E+000	19.40400E+000	14.15900E-006	77.91393E+000
1,1,464	0.00000E+000	455.50000E-012	78.08238E+000	19.44600E+000	12.85000E-006	78.08238E+000
1,1,465	0.00000E+000	463.50000E-012	78.25064E+000	19.48800E+000	6.77700E-006	78.25064E+000
1,1,466	0.00000E+000	468.60000E-012	78.41892E+000	19.53000E+000	-986.00000E-009	78.41892E+000
1,1,467	0.00000E+000	474.50000E-012	78.58727E+000	19.57200E+000	-9.18500E-006	78.58727E+000
1,1,468	0.00000E+000	481.00000E-012	78.75591E+000	19.61400E+000	-13.96100E-006	78.75591E+000
1,1,469	0.00000E+000	486.60000E-012	78.92419E+000	19.65600E+000	-13.75000E-006	78.92419E+000
1,1,470	0.00000E+000	493.90000E-012	79.09256E+000	19.69800E+000	-7.17900E-006	79.09256E+000
1,1,471	0.00000E+000	501.30000E-012	79.26081E+000	19.74000E+000	-123.00000E-009	79.26081E+000
1,1,472	0.00000E+000	508.50000E-012	79.42909E+000	19.78200E+000	8.51500E-006	79.42909E+000
1,1,473	0.00000E+000	514.40000E-012	79.59745E+000	19.82400E+000	13.24800E-006	79.59745E+000
1,1,474	0.00000E+000	523.20000E-012	79.76569E+000	19.86600E+000	14.39000E-006	79.76569E+000
1,1,475	0.00000E+000	530.80000E-012	79.93396E+000	19.90800E+000	11.24200E-006	79.93396E+000
1,1,476	0.00000E+000	538.90000E-012	80.10233E+000	19.94990E+000	3.15300E-006	80.10233E+000
1,1,477	0.00000E+000	544.60000E-012	80.27060E+000	19.99200E+000	-5.28700E-006	80.27060E+000
1,1,478	0.00000E+000	552.00000E-012	80.43886E+000	20.03400E+000	-10.52000E-006	80.43886E+000
1,1,479	0.00000E+000	559.20000E-012	80.60721E+000	20.07600E+000	-14.73300E-006	80.60721E+000
1,1,480	0.00000E+000	567.10000E-012	80.77547E+000	20.11800E+000	-12.56600E-006	80.77547E+000
1,1,481	0.00000E+000	574.40000E-012	80.94373E+000	20.16000E+000	-6.05600E-006	80.94373E+000
1,1,482	0.00000E+000	582.00000E-012	81.11209E+000	20.20200E+000	2.21600E-006	81.11209E+000
1,1,483	0.00000E+000	588.70000E-012	81.28035E+000	20.24400E+000	9.42600E-006	81.28035E+000
1,1,484	0.00000E+000	593.50000E-012	81.44862E+000	20.28600E+000	13.66600E-006	81.44862E+000
1,1,485	0.00000E+000	599.60000E-012	81.61698E+000	20.32800E+000	13.70200E-006	81.61698E+000
1,1,486	0.00000E+000	605.40000E-012	81.78524E+000	20.37000E+000	8.41800E-006	81.78524E+000
1,1,487	0.00000E+000	610.80000E-012	81.95399E+000	20.41200E+000	-982.00000E-009	81.95399E+000
1,1,488	0.00000E+000	615.30000E-012	82.12228E+000	20.45400E+000	-9.09800E-006	82.12228E+000
1,1,489	0.00000E+000	618.80000E-012	82.29052E+000	20.49600E+000	-13.30300E-006	82.29052E+000
1,1,490	0.00000E+000	620.60000E-012	82.45881E+000	20.53800E+000	-14.28600E-006	82.45881E+000
1,1,491	0.00000E+000	623.20000E-012	82.62711E+000	20.58000E+000	-10.05900E-006	82.62711E+000
1,1,492	0.00000E+000	623.90000E-012	82.79536E+000	20.62200E+000	-2.87900E-006	82.79536E+000
1,1,493	0.00000E+000	625.30000E-012	82.96363E+000	20.66390E+000	5.79900E-006	82.96363E+000
1,1,494	0.00000E+000	623.50000E-012	83.13199E+000	20.70600E+000	10.67400E-006	83.13199E+000
1,1,495	0.00000E+000	622.10000E-012	83.30022E+000	20.74800E+000	14.92400E-006	83.30022E+000
1,1,496	0.00000E+000	619.60000E-012	83.46851E+000	20.79000E+000	12.39700E-006	83.46851E+000
1,1,497	0.00000E+000	617.70000E-012	83.63687E+000	20.83200E+000	5.81700E-006	83.63687E+000
1,1,498	0.00000E+000	614.90000E-012	83.80512E+000	20.87400E+000	-2.07100E-006	83.80512E+000
1,1,499	0.00000E+000	611.10000E-012	83.97341E+000	20.91600E+000	-9.48600E-006	83.97341E+000
1,1,500	0.00000E+000	605.30000E-012	84.14176E+000	20.95800E+000	-13.79700E-006	84.14176E+000
1,1,501	0.00000E+000	596.80000E-012	84.31000E+000	21.00000E+000	-13.67700E-006	84.31000E+000
1,1,502	0.00000E+000	604.50000E-012	84.47826E+000	21.04200E+000	-8.82600E-006	84.47826E+000
1,1,503	0.00000E+000	618.20000E-012	84.64662E+000	21.08400E+000	-1.58800E-006	84.64662E+000
1,1,504	0.00000E+000	584.50000E-012	84.81543E+000	21.12600E+000	9.45200E-006	84.81543E+000
1,1,505	0.00000E+000	570.50000E-012	84.98375E+000	21.16800E+000	13.67500E-006	84.98375E+000
1,1,506	0.00000E+000	609.70000E-012	85.15205E+000	21.21000E+000	13.71000E-006	85.15205E+000
1,1,507	0.00000E+000	585.00000E-012	85.32033E+000	21.25200E+000	9.08100E-006	85.32033E+000
1,1,508	0.00000E+000	579.70000E-012	85.48862E+000	21.29400E+000	1.91000E-006	85.48862E+000
1,1,509	0.00000E+000	571.60000E-012	85.65694E+000	21.33600E+000	-7.28200E-006	85.65694E+000
1,1,510	0.00000E+000	557.40000E-012	85.82517E+000	21.37800E+000	-11.47000E-006	85.82517E+000
1,1,511	0.00000E+000	547.50000E-012	85.99347E+000	21.42000E+000	-14.34400E-006	85.99347E+000
1,1,512	0.00000E+000	537.80000E-012	86.16178E+000	21.46200E+000	-12.42900E-006	86.16178E+000
1,1,513	0.00000E+000	528.20000E-012	86.33034E+000	21.50400E+000	-3.47200E-006	86.33034E+000
1,1,514	0.00000E+000	517.80000E-012	86.49865E+000	21.54590E+000	5.23800E-006	86.49865E+000
1,1,515	0.00000E+000	513.10000E-012	86.66695E+000	21.58800E+000	10.47800E-006	86.66695E+000
1,1,516	0.00000E+000	508.20000E-012	86.83683E+000	21.63000E+000	12.49700E-006	86.83683E+000
1,1,517	0.00000E+000	499.00000E-012	87.00511E+000	21.67200E+000	5.84200E-006	87.00511E+000
1,1,518	0.00000E+000	493.90000E-012	87.17337E+000	21.71400E+000	-1.83500E-006	87.17337E+000
1,1,519	0.00000E+000	484.50000E-012	87.34163E+000	21.75600E+000	-9.29200E-006	87.34163E+000
1,1,520	0.00000E+000	472.00000E-012	87.51002E+000	21.79800E+000	-13.69000E-006	87.51002E+000
1,1,521	0.00000E+000	462.10000E-012	87.67829E+000	21.84000E+000	-13.69500E-006	87.67829E+000
1,1,522	0.00000E+000	458.70000E-012	87.87066E+000	21.88200E+000	12.27700E-006	87.87066E+000
1,1,523	0.00000E+000	461.10000E-012	88.03891E+000	21.92400E+000	6.15900E-006	88.03891E+000
1,1,524	0.00000E+000	459.20000E-012	88.20719E+000	21.96600E+000	-1.78300E-006	88.20719E+000
1,1,525	0.00000E+000	470.40000E-012	88.38298E+000	22.00800E+000	6.02000E-006	88.38298E+000
1,1,526	0.00000E+000	466.60000E-012	88.55124E+000	22.05000E+000	10.71100E-006	88.55124E+000
1,1,527	0.00000E+000	461.30000E-012	88.71950E+000	22.09200E+000	14.76800E-006	88.71950E+000
1,1,528	0.00000E+000	457.50000E-012	88.88784E+000	22.13400E+000	12.41300E-006	88.88784E+000
1,1,529	0.00000E+000	453.50000E-012	89.05611E+000	22.17600E+000	5.93900E-006	89.05611E+000
1,1,530	0.00000E+000	450.20000E-012	89.22437E+000	22.21800E+000	-1.98400E-006	89.22437E+000
1,1,531	0.00000E+000	447.40000E-012	89.39277E+000	22.26000E+000	-9.71100E-006	89.39277E+000
1,1,532	0.00000E+000	449.40000E-012	89.56105E+000	22.30200E+000	-13.80400E-006	89.56105E+000
1,1,533	0.00000E+000	448.90000E-012	89.72932E+000	22.34400E+000	-13.70200E-006	89.72932E+000
1,1,534	0.00000E+000	441.70000E-012	89.89801E+000	22.38600E+000	-6.37700E-006	89.89801E+000
1,1,535	0.00000E+000	439.10000E-012	90.06628E+000	22.42800E+000	1.42400E-006	90.06628E+000
1,1,536	0.00000E+000	438.50000E-012	90.23451E+000	22.47000E+000	9.07400E-006	90.23451E+000
1,1,537	0.00000E+000	435.80000E-012	90.40277E+000	22.51200E+000	13.47400E-006	90.40277E+000
1,1,538	0.00000E+000	437.20000E-012	90.57104E+000	22.55400E+000	14.26600E-006	90.57104E+000
1,1,539	0.00000E+000	439.20000E-012	90.73930E+000	22.59600E+000	10.35000E-006	90.73930E+000
1,1,540	0.00000E+000	436.40000E-012	90.90757E+000	22.63800E+000	3.01700E-006	90.90757E+000
1,1,541	0.00000E+000	440.20000E-012	91.07585E+000	22.68000E+000	-5.83100E-006	91.07585E+000
1,1,542	0.00000E+000	441.50000E-012	91.24411E+000	22.72200E+000	-10.78700E-006	91.24411E+000
1,1,543	0.00000E+000	446.00000E-012	91.41239E+000	22.76400E+000	-14.75500E-006	91.41239E+000
1,1,544	0.00000E+000	443.70000E-012	91.58064E+000	22.80600E+000	-12.56100E-006	91.58064E+000
1,1,545	0.00000E+000	442.60000E-012	91.74890E+000	22.84800E+000	-6.01300E-006	91.74890E+000
1,1,546	0.00000E+000	449.30000E-012	91.91719E+000	22.89000E+000	1.95500E-006	91.91719E+000
1,1,547	0.00000E+000	468.90000E-012	92.08545E+000	22.93200E+000	9.35400E-006	92.08545E+000
1,1,548	0.00000E+000	438.30000E-012	92.25370E+000	22.97400E+000	13.66100E-006	92.25370E+000
1,1,549	0.00000E+000	453.00000E-012	92.42207E+000	23.01600E+000	13.73100E-006	92.42207E+000
1,1,550	0.00000E+000	435.60000E-012	92.59036E+000	23.05800E+000	8.87500E-006	92.59036E+000
1,1,551	0.00000E+000	456.70000E-012	92.75863E+000	23.10000E+000	1.58600E-006	92.75863E+000
1,1,552	0.00000E+000	455.80000E-012	92.92693E+000	23.14200E+000	-7.50700E-006	92.92693E+000
1,1,553	0.00000E+000	457.00000E-012	93.09531E+000	23.18400E+000	-12.61900E-006	93.09531E+000
1,1,554	0.00000E+000	460.00000E-012	93.26356E+000	23.22600E+000	-14.48700E-006	93.26356E+000
1,1,555	0.00000E+000	469.00000E-012	93.43185E+000	23.26800E+000	-11.78100E-006	93.43185E+000
1,1,556	0.00000E+000	465.30000E-012	93.60012E+000	23.31000E+000	-3.72600E-006	93.60012E+000
1,1,557	0.00000E+000	466.10000E-012	93.76837E+000	23.35200E+000	4.58600E-006	93.76837E+000
1,1,558	0.00000E+000	471.60000E-012	93.93665E+000	23.39400E+000	10.18300E-006	93.93665E+000
1,1,559	0.00000E+000	476.10000E-012	94.10490E+000	23.43600E+000	14.71300E-006	94.10490E+000
1,1,560	0.00000E+000	478.40000E-012	94.27316E+000	23.47800E+000	13.20700E-006	94.27316E+000
1,1,561	0.00000E+000	480.30000E-012	94.44143E+000	23.52000E+000	6.97800E-006	94.44143E+000
1,1,562	0.00000E+000	487.30000E-012	94.60970E+000	23.56200E+000	-701.00000E-009	94.60970E+000
1,1,563	0.00000E+000	490.30000E-012	94.77795E+000	23.60400E+000	-8.77700E-006	94.77795E+000
1,1,564	0.00000E+000	493.80000E-012	94.94622E+000	23.64600E+000	-13.25200E-006	94.94622E+000
1,1,565	0.00000E+000	492.90000E-012	95.11449E+000	23.68800E+000	-14.37600E-006	95.11449E+000
1,1,566	0.00000E+000	501.70000E-012	95.28275E+000	23.72990E+000	-10.55200E-006	95.28275E+000
1,1,567	0.00000E+000	510.20000E-012	95.45103E+000	23.77200E+000	-2.86000E-006	95.45103E+000
1,1,568	0.00000E+000	515.90000E-012	95.61930E+000	23.81400E+000	5.91300E-006	95.61930E+000
1,1,569	0.00000E+000	519.40000E-012	95.78757E+000	23.85600E+000	10.89600E-006	95.78757E+000
1,1,570	0.00000E+000	523.00000E-012	95.95586E+000	23.89800E+000	14.74900E-006	95.95586E+000
1,1,571	0.00000E+000	531.30000E-012	96.12417E+000	23.94000E+000	12.50400E-006	96.12417E+000
1,1,572	0.00000E+000	534.70000E-012	96.29244E+000	23.98200E+000	5.71100E-006	96.29244E+000
1,1,573	0.00000E+000	539.90000E-012	96.46072E+000	24.02400E+000	-2.50700E-006	96.46072E+000
1,1,574	0.00000E+000	546.30000E-012	96.62915E+000	24.06600E+000	-9.93700E-006	96.62915E+000
1,1,575	0.00000E+000	553.80000E-012	96.79741E+000	24.10800E+000	-14.08800E-006	96.79741E+000
1,1,576	0.00000E+000	560.80000E-012	96.96571E+000	24.15000E+000	-13.55300E-006	96.96571E+000
1,1,577	0.00000E+000	565.30000E-012	97.13395E+000	24.19200E+000	-7.59500E-006	97.13395E+000
1,1,578	0.00000E+000	570.20000E-012	97.30221E+000	24.23400E+000	-330.00000E-009	97.30221E+000
1,1,579	0.00000E+000	577.60000E-012	97.47050E+000	24.27600E+000	8.59300E-006	97.47050E+000
1,1,580	0.00000E+000	584.80000E-012	97.63876E+000	24.31800E+000	12.98000E-006	97.63876E+000
1,1,581	0.00000E+000	593.20000E-012	97.80701E+000	24.36000E+000	14.37500E-006	97.80701E+000
1,1,582	0.00000E+000	598.10000E-012	97.97530E+000	24.40200E+000	11.34000E-006	97.97530E+000
1,1,583	0.00000E+000	604.30000E-012	98.14355E+000	24.44400E+000	3.64700E-006	98.14355E+000
1,1,584	0.00000E+000	618.20000E-012	98.31180E+000	24.48600E+000	-4.82800E-006	98.31180E+000
1,1,585	0.00000E+000	619.80000E-012	98.48009E+000	24.52800E+000	-10.30000E-006	98.48009E+000
1,1,586	0.00000E+000	628.10000E-012	98.64835E+000	24.57000E+000	-14.81300E-006	98.64835E+000
1,1,587	0.00000E+000	635.10000E-012	98.81660E+000	24.61200E+000	-12.89900E-006	98.81660E+000
1,1,588	0.00000E+000	640.60000E-012	98.98486E+000	24.65400E+000	-6.61000E-006	98.98486E+000
1,1,589	0.00000E+000	649.90000E-012	99.15313E+000	24.69600E+000	1.11900E-006	99.15313E+000
1,1,590	0.00000E+000	657.40000E-012	99.32138E+000	24.73800E+000	9.14900E-006	99.32138E+000
1,1,591	0.00000E+000	663.30000E-012	99.48998E+000	24.78000E+000	13.86800E-006	99.48998E+000
1,1,592	0.00000E+000	675.60000E-012	99.65824E+000	24.82200E+000	13.79300E-006	99.65824E+000
1,1,593	0.00000E+000	685.10000E-012	99.82650E+000	24.86400E+000	8.39500E-006	99.82650E+000
1,1,594	0.00000E+000	691.50000E-012	99.99480E+000	24.90600E+000	807.00000E-009	99.99480E+000
1,1,595	0.00000E+000	701.00000E-012	100.16305E+000	24.94800E+000	-7.97300E-006	100.16305E+000
1,1,596	0.00000E+000	709.10000E-012	100.33141E+000	24.99000E+000	-12.96400E-006	100.33141E+000
1,1,597	0.00000E+000	715.40000E-012	100.49971E+000	25.03200E+000	-14.36600E-006	100.49971E+000
1,1,598	0.00000E+000	721.10000E-012	100.66799E+000	25.07400E+000	-10.91100E-006	100.66799E+000
1,1,599	0.00000E+000	728.40000E-012	100.83624E+000	25.11600E+000	-3.23900E-006	100.83624E+000
1,1,600	0.00000E+000	736.80000E-012	101.00451E+000	25.15800E+000	5.20700E-006	101.00451E+000
1,1,601	0.00000E+000	741.80000E-012	101.17277E+000	25.20000E+000	10.36000E-006	101.17277E+000
1,1,602	100.00000E-009	746.90000E-012	101.34103E+000	25.24200E+000	14.80400E-006	101.34103E+000
1,1,603	0.00000E+000	751.20000E-012	101.50931E+000	25.28400E+000	12.72900E-006	101.50931E+000
1,1,604	0.00000E+000	763.20000E-012	101.67759E+000	25.32600E+000	6.41900E-006	101.67759E+000
1,1,605	0.00000E+000	775.20000E-012	101.84585E+000	25.36800E+000	-1.45000E-006	101.84585E+000
1,1,606	0.00000E+000	764.30000E-012	102.01413E+000	25.41000E+000	-9.21000E-006	102.01413E+000
1,1,607	0.00000E+000	769.40000E-012	102.18238E+000	25.45200E+000	-13.54200E-006	102.18238E+000
1,1,608	0.00000E+000	773.00000E-012	102.35065E+000	25.49400E+000	-14.02700E-006	102.35065E+000
1,1,609	0.00000E+000	779.60000E-012	102.51895E+000	25.53600E+000	-9.19200E-006	102.51895E+000
1,1,610	0.00000E+000	777.50000E-012	102.68722E+000	25.57800E+000	-2.20900E-006	102.68722E+000
1,1,611	0.00000E+000	779.10000E-012	102.85546E+000	25.62000E+000	6.60300E-006	102.85546E+000
1,1,612	0.00000E+000	779.60000E-012	103.02375E+000	25.66200E+000	11.33900E-006	103.02375E+000
1,1,613	0.00000E+000	779.20000E-012	103.19199E+000	25.70400E+000	14.51100E-006	103.19199E+000
1,1,614	0.00000E+000	782.40000E-012	103.36026E+000	25.74600E+000	12.41100E-006	103.36026E+000
1,1,615	0.00000E+000	781.80000E-012	103.52856E+000	25.78800E+000	5.37200E-006	103.52856E+000
1,1,616	0.00000E+000	780.30000E-012	103.69682E+000	25.83000E+000	-2.78900E-006	103.69682E+000
1,1,617	0.00000E+000	780.40000E-012	103.86506E+000	25.87200E+000	-9.74500E-006	103.86506E+000
1,1,618	0.00000E+000	783.30000E-012	104.03336E+000	25.91400E+000	-13.81000E-006	104.03336E+000
1,1,619	0.00000E+000	779.30000E-012	104.20162E+000	25.95600E+000	-13.58100E-006	104.20162E+000
1,1,620	0.00000E+000	772.20000E-012	104.36988E+000	25.99800E+000	-8.33100E-006	104.36988E+000
1,1,621	0.00000E+000	769.40000E-012	104.53815E+000	26.04000E+000	-1.26100E-006	104.53815E+000
1,1,622	0.00000E+000	766.30000E-012	104.70642E+000	26.08200E+000	7.85500E-006	104.70642E+000
1,1,623	0.00000E+000	761.00000E-012	104.87467E+000	26.12400E+000	12.21800E-006	104.87467E+000
1,1,624	0.00000E+000	756.50000E-012	105.04295E+000	26.16600E+000	14.50500E-006	105.04295E+000
1,1,625	0.00000E+000	748.90000E-012	105.21149E+000	26.20800E+000	10.46800E-006	105.21149E+000
1,1,626	0.00000E+000	741.60000E-012	105.40358E+000	26.25000E+000	-8.54400E-006	105.40358E+000
1,1,627	0.00000E+000	740.20000E-012	105.57181E+000	26.29200E+000	-1.58400E-006	105.57181E+000
1,1,628	0.00000E+000	732.60000E-012	105.74017E+000	26.33400E+000	7.97700E-006	105.74017E+000
1,1,629	0.00000E+000	725.90000E-012	105.91832E+000	26.37600E+000	-14.49200E-006	105.91832E+000
1,1,630	0.00000E+000	718.00000E-012	106.08658E+000	26.41800E+000	-12.10600E-006	106.08658E+000
1,1,631	0.00000E+000	709.40000E-012	106.25481E+000	26.45990E+000	-4.08400E-006	106.25481E+000
1,1,632	0.00000E+000	704.60000E-012	106.42310E+000	26.50200E+000	4.39700E-006	106.42310E+000
1,1,633	0.00000E+000	695.10000E-012	106.59137E+000	26.54400E+000	10.09800E-006	106.59137E+000
1,1,634	0.00000E+000	690.00000E-012	106.75963E+000	26.58600E+000	14.84000E-006	106.75963E+000
1,1,635	0.00000E+000	685.60000E-012	106.92799E+000	26.62800E+000	12.93300E-006	106.92799E+000
1,1,636	0.00000E+000	683.70000E-012	107.09626E+000	26.67000E+000	6.74800E-006	107.09626E+000
1,1,637	0.00000E+000	676.10000E-012	107.26451E+000	26.71200E+000	-912.00000E-009	107.26451E+000
1,1,638	0.00000E+000	669.30000E-012	107.43278E+000	26.75400E+000	-9.01000E-006	107.43278E+000
1,1,639	0.00000E+000	665.50000E-012	107.60104E+000	26.79600E+000	-13.41700E-006	107.60104E+000
1,1,640	0.00000E+000	662.30000E-012	107.76929E+000	26.83800E+000	-14.27100E-006	107.76929E+000
1,1,641	0.00000E+000	651.20000E-012	107.93757E+000	26.88000E+000	-10.25500E-006	107.93757E+000
1,1,642	0.00000E+000	645.40000E-012	108.10583E+000	26.92200E+000	-2.83600E-006	108.10583E+000
1,1,643	0.00000E+000	638.70000E-012	108.27434E+000	26.96400E+000	7.22700E-006	108.27434E+000
1,1,644	0.00000E+000	634.70000E-012	108.44261E+000	27.00600E+000	11.57500E-006	108.44261E+000
1,1,645	0.00000E+000	631.10000E-012	108.61089E+000	27.04800E+000	14.66300E-006	108.61089E+000
1,1,646	0.00000E+000	627.00000E-012	108.77914E+000	27.09000E+000	12.35100E-006	108.77914E+000
1,1,647	0.00000E+000	620.80000E-012	108.94759E+000	27.13200E+000	4.13200E-006	108.94759E+000
1,1,648	0.00000E+000	619.40000E-012	109.11587E+000	27.17400E+000	-4.08500E-006	109.11587E+000
1,1,649	0.00000E+000	616.70000E-012	109.28411E+000	27.21600E+000	-9.99100E-006	109.28411E+000
1,1,650	0.00000E+000	614.20000E-012	109.45238E+000	27.25800E+000	-14.61400E-006	109.45238E+000
1,1,651	0.00000E+000	610.90000E-012	109.62065E+000	27.30000E+000	-13.48900E-006	109.62065E+000
1,1,652	0.00000E+000	610.50000E-012	109.78892E+000	27.34200E+000	-7.27700E-006	109.78892E+000
1,1,653	0.00000E+000	605.70000E-012	109.95718E+000	27.38400E+000	-34.00000E-009	109.95718E+000
1,1,654	0.00000E+000	602.90000E-012	110.12545E+000	27.42600E+000	8.67100E-006	110.12545E+000
1,1,655	0.00000E+000	603.90000E-012	110.29370E+000	27.46800E+000	12.97500E-006	110.29370E+000
1,1,656	0.00000E+000	600.30000E-012	110.46198E+000	27.51000E+000	14.40400E-006	110.46198E+000
1,1,657	0.00000E+000	610.50000E-012	110.63024E+000	27.55200E+000	11.45000E-006	110.63024E+000
1,1,658	0.00000E+000	626.60000E-012	110.79850E+000	27.59400E+000	3.67500E-006	110.79850E+000
1,1,659	0.00000E+000	558.50000E-012	110.96677E+000	27.63600E+000	-4.73400E-006	110.96677E+000
1,1,660	0.00000E+000	600.10000E-012	111.13504E+000	27.67800E+000	-10.20700E-006	111.13504E+000
1,1,661	0.00000E+000	582.00000E-012	111.30329E+000	27.72000E+000	-14.77500E-006	111.30329E+000
1,1,662	0.00000E+000	581.00000E-012	111.47158E+000	27.76200E+000	-12.89900E-006	111.47158E+000
1,1,663	0.00000E+000	590.70000E-012	111.63984E+000	27.80400E+000	-6.59600E-006	111.63984E+000
1,1,664	0.00000E+000	587.90000E-012	111.80809E+000	27.84600E+000	888.00000E-009	111.80809E+000
1,1,665	0.00000E+000	592.00000E-012	111.97637E+000	27.88800E+000	9.12700E-006	111.97637E+000
1,1,666	0.00000E+000	593.00000E-012	112.14464E+000	27.93000E+000	13.34200E-006	112.14464E+000
1,1,667	0.00000E+000	592.00000E-012	112.31288E+000	27.97200E+000	14.31800E-006	112.31288E+000
1,1,668	0.00000E+000	592.40000E-012	112.48115E+000	28.01390E+000	10.67200E-006	112.48115E+000
1,1,669	0.00000E+000	599.40000E-012	112.64957E+000	28.05600E+000	2.48900E-006	112.64957E+000
1,1,670	0.00000E+000	595.40000E-012	112.81783E+000	28.09800E+000	-6.37200E-006	112.81783E+000
1,1,671	0.00000E+000	598.80000E-012	112.98610E+000	28.14000E+000	-11.02500E-006	112.98610E+000
1,1,672	0.00000E+000	598.30000E-012	113.15462E+000	28.18200E+000	-14.38700E-006	113.15462E+000
1,1,673	0.00000E+000	601.90000E-012	113.32287E+000	28.22400E+000	-12.32400E-006	113.32287E+000
1,1,674	0.00000E+000	601.20000E-012	113.49118E+000	28.26600E+000	-4.40300E-006	113.49118E+000
1,1,675	0.00000E+000	595.10000E-012	113.65944E+000	28.30800E+000	3.97000E-006	113.65944E+000
1,1,676	0.00000E+000	602.70000E-012	113.82768E+000	28.35000E+000	9.90400E-006	113.82768E+000
1,1,677	0.00000E+000	607.50000E-012	113.99596E+000	28.39200E+000	14.18200E-006	113.99596E+000
1,1,678	0.00000E+000	607.20000E-012	114.16422E+000	28.43400E+000	13.37400E-006	114.16422E+000
1,1,679	0.00000E+000	615.20000E-012	114.33247E+000	28.47600E+000	7.94600E-006	114.33247E+000
1,1,680	0.00000E+000	619.00000E-012	114.50074E+000	28.51800E+000	608.00000E-009	114.50074E+000
1,1,681	0.00000E+000	620.60000E-012	114.66902E+000	28.56000E+000	-8.14200E-006	114.66902E+000
1,1,682	0.00000E+000	634.90000E-012	114.83728E+000	28.60200E+000	-12.62200E-006	114.83728E+000
1,1,683	0.00000E+000	630.70000E-012	115.00555E+000	28.64400E+000	-14.31500E-006	115.00555E+000
1,1,684	0.00000E+000	627.20000E-012	115.17396E+000	28.68590E+000	-10.99200E-006	115.17396E+000
1,1,685	0.00000E+000	633.00000E-012	115.34221E+000	28.72800E+000	-3.41800E-006	115.34221E+000
1,1,686	-100.00000E-009	645.90000E-012	115.51048E+000	28.77000E+000	4.98800E-006	115.51048E+000
1,1,687	0.00000E+000	645.00000E-012	115.67874E+000	28.81200E+000	10.36600E-006	115.67874E+000
1,1,688	0.00000E+000	649.30000E-012	115.84701E+000	28.85400E+000	14.89500E-006	115.84701E+000
1,1,689	0.00000E+000	654.10000E-012	116.01529E+000	28.89600E+000	12.54600E-006	116.01529E+000
1,1,690	0.00000E+000	662.40000E-012	116.18354E+000	28.93800E+000	6.58300E-006	116.18354E+000
1,1,691	0.00000E+000	671.50000E-012	116.35194E+000	28.98000E+000	-1.90700E-006	116.35194E+000
1,1,692	0.00000E+000	673.50000E-012	116.52180E+000	29.02200E+000	-13.74600E-006	116.52180E+000
1,1,693	0.00000E+000	679.00000E-012	116.69006E+000	29.06400E+000	-13.63700E-006	116.69006E+000
1,1,694	0.00000E+000	685.80000E-012	116.85830E+000	29.10600E+000	-9.09600E-006	116.85830E+000
1,1,695	0.00000E+000	687.10000E-012	117.02658E+000	29.14800E+000	-2.01400E-006	117.02658E+000
1,1,696	0.00000E+000	697.60000E-012	117.19484E+000	29.19000E+000	7.09200E-006	117.19484E+000
1,1,697	0.00000E+000	699.30000E-012	117.36309E+000	29.23200E+000	11.44900E-006	117.36309E+000
1,1,698	0.00000E+000	709.50000E-012	117.53137E+000	29.27400E+000	14.41200E-006	117.53137E+000
1,1,699	0.00000E+000	722.40000E-012	117.69965E+000	29.31600E+000	12.37800E-006	117.69965E+000
1,1,700	0.00000E+000	715.00000E-012	117.86790E+000	29.35800E+000	5.28200E-006	117.86790E+000
1,1,701	0.00000E+000	726.20000E-012	118.03620E+000	29.40000E+000	-3.06900E-006	118.03620E+000
1,1,702	0.00000E+000	727.20000E-012	118.20445E+000	29.44200E+000	-9.70300E-006	118.20445E+000
1,1,703	0.00000E+000	738.60000E-012	118.37270E+000	29.48400E+000	-13.87700E-006	118.37270E+000
1,1,704	0.00000E+000	753.10000E-012	118.54102E+000	29.52600E+000	-13.59200E-006	118.54102E+000
1,1,705	0.00000E+000	768.50000E-012	118.70926E+000	29.56800E+000	-8.22600E-006	118.70926E+000
1,1,706	0.00000E+000	756.50000E-012	118.87753E+000	29.61000E+000	-1.05800E-006	118.87753E+000
1,1,707	0.00000E+000	762.50000E-012	119.04584E+000	29.65200E+000	8.22300E-006	119.04584E+000
1,1,708	0.00000E+000	776.70000E-012	119.21410E+000	29.69400E+000	12.55500E-006	119.21410E+000
1,1,709	0.00000E+000	789.90000E-012	119.38239E+000	29.73600E+000	14.38600E-006	119.38239E+000
1,1,710	0.00000E+000	781.90000E-012	119.55099E+000	29.77800E+000	10.16100E-006	119.55099E+000
1,1,711	0.00000E+000	797.80000E-012	119.71925E+000	29.82000E+000	2.55100E-006	119.71925E+000
1,1,712	0.00000E+000	806.90000E-012	119.88750E+000	29.86200E+000	-6.18400E-006	119.88750E+000
1,1,713	0.00000E+000	819.00000E-012	120.05580E+000	29.90400E+000	-11.01800E-006	120.05580E+000
1,1,714	0.00000E+000	826.60000E-012	120.22405E+000	29.94600E+000	-14.63000E-006	120.22405E+000
1,1,715	0.00000E+000	838.40000E-012	120.39233E+000	29.98800E+000	-12.48900E-006	120.39233E+000
1,1,716	100.00000E-009	842.90000E-012	120.56062E+000	30.03000E+000	-5.37400E-006	120.56062E+000
1,1,717	0.00000E+000	845.50000E-012	120.72886E+000	30.07200E+000	2.47800E-006	120.72886E+000
1,1,718	0.00000E+000	856.70000E-012	120.89712E+000	30.11390E+000	9.66800E-006	120.89712E+000
1,1,719	0.00000E+000	858.80000E-012	121.06543E+000	30.15600E+000	13.88100E-006	121.06543E+000
1,1,720	0.00000E+000	867.50000E-012	121.23368E+000	30.19800E+000	13.72000E-006	121.23368E+000
1,1,721	0.00000E+000	874.40000E-012	121.40194E+000	30.24000E+000	8.80100E-006	121.40194E+000
1,1,722	0.00000E+000	875.10000E-012	121.57024E+000	30.28200E+000	1.34500E-006	121.57024E+000
1,1,723	0.00000E+000	886.10000E-012	121.73851E+000	30.32400E+000	-7.70000E-006	121.73851E+000
1,1,724	0.00000E+000	887.60000E-012	121.90675E+000	30.36600E+000	-12.04300E-006	121.90675E+000
1,1,725	0.00000E+000	894.70000E-012	122.07505E+000	30.40800E+000	-14.30300E-006	122.07505E+000
1,1,726	0.00000E+000	896.70000E-012	122.24330E+000	30.45000E+000	-12.23200E-006	122.24330E+000
1,1,727	0.00000E+000	899.40000E-012	122.43655E+000	30.49200E+000	4.70000E-006	122.43655E+000
1,1,728	0.00000E+000	903.70000E-012	122.60501E+000	30.53400E+000	-4.71300E-006	122.60501E+000
1,1,729	0.00000E+000	909.20000E-012	122.77327E+000	30.57600E+000	-10.27300E-006	122.77327E+000
1,1,730	0.00000E+000	911.80000E-012	122.94917E+000	30.61800E+000	13.50700E-006	122.94917E+000
1,1,731	0.00000E+000	922.20000E-012	123.11743E+000	30.66000E+000	14.08200E-006	123.11743E+000
1,1,732	0.00000E+000	917.10000E-012	123.28567E+000	30.70200E+000	10.45500E-006	123.28567E+000
1,1,733	0.00000E+000	916.50000E-012	123.45396E+000	30.74400E+000	2.83900E-006	123.45396E+000
1,1,734	0.00000E+000	926.90000E-012	123.62223E+000	30.78600E+000	-5.87200E-006	123.62223E+000
1,1,735	0.00000E+000	925.30000E-012	123.79060E+000	30.82800E+000	-11.11300E-006	123.79060E+000
1,1,736	0.00000E+000	932.90000E-012	123.95889E+000	30.87000E+000	-14.37000E-006	123.95889E+000
1,1,737	0.00000E+000	938.10000E-012	124.12716E+000	30.91200E+000	-12.49500E-006	124.12716E+000
1,1,738	0.00000E+000	940.30000E-012	124.29539E+000	30.95400E+000	-5.32900E-006	124.29539E+000
1,1,739	0.00000E+000	912.10000E-012	124.46367E+000	30.99600E+000	2.74900E-006	124.46367E+000
1,1,740	0.00000E+000	927.90000E-012	124.63198E+000	31.03800E+000	9.89600E-006	124.63198E+000
1,1,741	0.00000E+000	929.40000E-012	124.80022E+000	31.08000E+000	13.87100E-006	124.80022E+000
1,1,742	0.00000E+000	918.00000E-012	124.96848E+000	31.12200E+000	13.63200E-006	124.96848E+000
1,1,743	0.00000E+000	911.50000E-012	125.13675E+000	31.16400E+000	8.49600E-006	125.13675E+000
1,1,744	0.00000E+000	908.80000E-012	125.30500E+000	31.20600E+000	1.17900E-006	125.30500E+000
1,1,745	0.00000E+000	898.70000E-012	125.47327E+000	31.24800E+000	-7.77300E-006	125.47327E+000
1,1,746	0.00000E+000	896.00000E-012	125.64153E+000	31.29000E+000	-12.30000E-006	125.64153E+000
1,1,747	0.00000E+000	883.00000E-012	125.80979E+000	31.33200E+000	-14.42000E-006	125.80979E+000
1,1,748	0.00000E+000	886.70000E-012	125.97809E+000	31.37400E+000	-11.88800E-006	125.97809E+000
1,1,749	0.00000E+000	871.40000E-012	126.14635E+000	31.41600E+000	-3.89300E-006	126.14635E+000
1,1,750	0.00000E+000	875.80000E-012	126.31472E+000	31.45800E+000	5.05300E-006	126.31472E+000
1,1,751	0.00000E+000	876.90000E-012	126.48301E+000	31.50000E+000	10.50500E-006	126.48301E+000
1,1,752	0.00000E+000	869.90000E-012	126.65127E+000	31.54200E+000	14.94500E-006	126.65127E+000
1,1,753	300.00000E-009	886.00000E-012	126.81952E+000	31.58400E+000	12.63400E-006	126.81952E+000
1,1,754	-400.00000E-009	971.40000E-012	126.98790E+000	31.62600E+000	5.82800E-006	126.98790E+000
1,1,755	0.00000E+000	868.40000E-012	127.15617E+000	31.66800E+000	-2.20600E-006	127.15617E+000
1,1,756	0.00000E+000	859.30000E-012	127.32442E+000	31.71000E+000	-9.51300E-006	127.32442E+000
1,1,757	0.00000E+000	846.00000E-012	127.49271E+000	31.75200E+000	-13.74000E-006	127.49271E+000
1,1,758	0.00000E+000	847.10000E-012	127.66097E+000	31.79400E+000	-13.59900E-006	127.66097E+000
1,1,759	0.00000E+000	832.10000E-012	127.82922E+000	31.83600E+000	-8.67000E-006	127.82922E+000
1,1,760	0.00000E+000	829.30000E-012	127.99750E+000	31.87800E+000	-1.51600E-006	127.99750E+000
1,1,761	0.00000E+000	817.70000E-012	128.16575E+000	31.92000E+000	7.66200E-006	128.16575E+000
1,1,762	0.00000E+000	816.50000E-012	128.33399E+000	31.96200E+000	11.94500E-006	128.33399E+000
1,1,763	0.00000E+000	813.50000E-012	128.50226E+000	32.00400E+000	14.37000E-006	128.50226E+000
1,1,764	0.00000E+000	813.30000E-012	128.67052E+000	32.04600E+000	12.28800E-006	128.67052E+000
1,1,765	0.00000E+000	804.00000E-012	128.83877E+000	32.08800E+000	4.72400E-006	128.83877E+000
1,1,766	0.00000E+000	801.70000E-012	129.00704E+000	32.13000E+000	-3.80300E-006	129.00704E+000
1,1,767	0.00000E+000	799.70000E-012	129.17531E+000	32.17200E+000	-9.98700E-006	129.17531E+000
1,1,768	0.00000E+000	793.60000E-012	129.34357E+000	32.21400E+000	-14.44800E-006	129.34357E+000
1,1,769	0.00000E+000	802.70000E-012	129.51183E+000	32.25600E+000	-13.43700E-006	129.51183E+000
1,1,770	0.00000E+000	796.70000E-012	129.68009E+000	32.29800E+000	-7.12600E-006	129.68009E+000
1,1,771	0.00000E+000	786.80000E-012	129.84861E+000	32.34000E+000	1.97800E-006	129.84861E+000
1,1,772	0.00000E+000	785.40000E-012	130.01687E+000	32.38200E+000	9.44600E-006	130.01687E+000
1,1,773	0.00000E+000	785.80000E-012	130.18513E+000	32.42400E+000	13.48500E-006	130.18513E+000
1,1,774	0.00000E+000	783.00000E-012	130.35339E+000	32.46600E+000	13.73700E-006	130.35339E+000
1,1,775	0.00000E+000	779.70000E-012	130.52167E+000	32.50800E+000	9.21500E-006	130.52167E+000
1,1,776	0.00000E+000	777.00000E-012	130.69005E+000	32.55000E+000	1.37000E-006	130.69005E+000
1,1,777	0.00000E+000	773.90000E-012	130.85831E+000	32.59200E+000	-7.59000E-006	130.85831E+000
1,1,778	0.00000E+000	771.50000E-012	131.02659E+000	32.63400E+000	-12.52000E-006	131.02659E+000
1,1,779	0.00000E+000	770.30000E-012	131.19485E+000	32.67600E+000	-14.47900E-006	131.19485E+000
1,1,780	0.00000E+000	768.90000E-012	131.36311E+000	32.71800E+000	-12.07900E-006	131.36311E+000
1,1,781	0.00000E+000	770.90000E-012	131.53140E+000	32.76000E+000	-3.88000E-006	131.53140E+000
1,1,782	0.00000E+000	768.70000E-012	131.69978E+000	32.80200E+000	5.36100E-006	131.69978E+000
1,1,783	0.00000E+000	766.30000E-012	131.86805E+000	32.84400E+000	10.55500E-006	131.86805E+000
1,1,784	0.00000E+000	765.60000E-012	132.03633E+000	32.88600E+000	14.95200E-006	132.03633E+000
1,1,785	0.00000E+000	764.60000E-012	132.20458E+000	32.92800E+000	12.38900E-006	132.20458E+000
1,1,786	0.00000E+000	762.30000E-012	132.37283E+000	32.97000E+000	6.29500E-006	132.37283E+000
1,1,787	0.00000E+000	760.20000E-012	132.54111E+000	33.01200E+000	-1.87300E-006	132.54111E+000
1,1,788	0.00000E+000	763.60000E-012	132.70937E+000	33.05400E+000	-9.36700E-006	132.70937E+000
1,1,789	0.00000E+000	764.30000E-012	132.87765E+000	33.09600E+000	-13.68800E-006	132.87765E+000
1,1,790	0.00000E+000	760.80000E-012	133.04593E+000	33.13800E+000	-13.59200E-006	133.04593E+000
1,1,791	0.00000E+000	761.70000E-012	133.21419E+000	33.17990E+000	-8.70900E-006	133.21419E+000
1,1,792	0.00000E+000	762.30000E-012	133.38244E+000	33.22200E+000	-1.69400E-006	133.38244E+000
1,1,793	0.00000E+000	763.60000E-012	133.55071E+000	33.26400E+000	7.50200E-006	133.55071E+000
1,1,794	0.00000E+000	766.70000E-012	133.71897E+000	33.30600E+000	11.89200E-006	133.71897E+000
1,1,795	0.00000E+000	764.80000E-012	133.88722E+000	33.34800E+000	14.39700E-006	133.88722E+000
1,1,796	0.00000E+000	767.50000E-012	134.05589E+000	33.39000E+000	10.21400E-006	134.05589E+000
1,1,797	0.00000E+000	768.10000E-012	134.22415E+000	33.43200E+000	2.79800E-006	134.22415E+000
1,1,798	0.00000E+000	771.10000E-012	134.39239E+000	33.47400E+000	-5.91400E-006	134.39239E+000
1,1,799	0.00000E+000	772.50000E-012	134.56069E+000	33.51600E+000	-10.99600E-006	134.56069E+000
1,1,800	0.00000E+000	774.60000E-012	134.72894E+000	33.55800E+000	-14.63500E-006	134.72894E+000
1,1,801	0.00000E+000	777.40000E-012	134.89720E+000	33.59990E+000	-12.60700E-006	134.89720E+000
1,1,802	0.00000E+000	777.60000E-012	135.06546E+000	33.64200E+000	-5.56400E-006	135.06546E+000
1,1,803	0.00000E+000	780.30000E-012	135.23372E+000	33.68400E+000	2.57500E-006	135.23372E+000
1,1,804	0.00000E+000	781.90000E-012	135.40196E+000	33.72600E+000	9.69000E-006	135.40196E+000
1,1,805	0.00000E+000	784.40000E-012	135.57026E+000	33.76800E+000	13.91100E-006	135.57026E+000
1,1,806	0.00000E+000	769.20000E-012	135.73852E+000	33.81000E+000	13.69400E-006	135.73852E+000
1,1,807	0.00000E+000	796.10000E-012	135.90678E+000	33.85200E+000	8.71600E-006	135.90678E+000
1,1,808	0.00000E+000	800.30000E-012	136.07508E+000	33.89400E+000	1.10500E-006	136.07508E+000
1,1,809	0.00000E+000	805.90000E-012	136.24332E+000	33.93600E+000	-7.73900E-006	136.24332E+000
1,1,810	0.00000E+000	808.70000E-012	136.41157E+000	33.97800E+000	-12.20200E-006	136.41157E+000
1,1,811	0.00000E+000	814.40000E-012	136.57987E+000	34.02000E+000	-14.32900E-006	136.57987E+000
1,1,812	0.00000E+000	826.20000E-012	136.74812E+000	34.06200E+000	-12.13800E-006	136.74812E+000
1,1,813	0.00000E+000	820.80000E-012	136.91652E+000	34.10400E+000	-3.38600E-006	136.91652E+000
1,1,814	0.00000E+000	825.10000E-012	137.08483E+000	34.14600E+000	5.39100E-006	137.08483E+000
1,1,815	0.00000E+000	829.80000E-012	137.25306E+000	34.18800E+000	10.52300E-006	137.25306E+000
1,1,816	0.00000E+000	841.70000E-012	137.42135E+000	34.23000E+000	14.91800E-006	137.42135E+000
1,1,817	0.00000E+000	840.60000E-012	137.58963E+000	34.27200E+000	12.52800E-006	137.58963E+000
1,1,818	0.00000E+000	845.20000E-012	137.75789E+000	34.31400E+000	6.13900E-006	137.75789E+000
1,1,819	0.00000E+000	851.70000E-012	137.92613E+000	34.35600E+000	-1.77500E-006	137.92613E+000
1,1,820	0.00000E+000	858.50000E-012	138.09442E+000	34.39800E+000	-9.38800E-006	138.09442E+000
1,1,821	0.00000E+000	864.30000E-012	138.26268E+000	34.44000E+000	-13.59200E-006	138.26268E+000
1,1,822	0.00000E+000	870.50000E-012	138.43161E+000	34.48200E+000	-12.51100E-006	138.43161E+000
1,1,823	0.00000E+000	876.50000E-012	138.59990E+000	34.52400E+000	-5.61900E-006	138.59990E+000
1,1,824	0.00000E+000	880.90000E-012	138.76817E+000	34.56600E+000	2.30000E-006	138.76817E+000
1,1,825	0.00000E+000	890.10000E-012	138.93641E+000	34.60800E+000	9.59600E-006	138.93641E+000
1,1,826	0.00000E+000	897.50000E-012	139.10471E+000	34.65000E+000	13.99500E-006	139.10471E+000
1,1,827	0.00000E+000	903.60000E-012	139.27296E+000	34.69200E+000	13.64600E-006	139.27296E+000
1,1,828	0.00000E+000	910.10000E-012	139.44125E+000	34.73400E+000	8.74100E-006	139.44125E+000
1,1,829	0.00000E+000	916.20000E-012	139.60954E+000	34.77600E+000	1.30700E-006	139.60954E+000
1,1,830	0.00000E+000	922.20000E-012	139.77779E+000	34.81800E+000	-7.62200E-006	139.77779E+000
1,1,831	0.00000E+000	929.80000E-012	139.96855E+000	34.86000E+000	2.31500E-006	139.96855E+000
1,1,832	0.00000E+000	936.10000E-012	140.13680E+000	34.90200E+000	9.50600E-006	140.13680E+000
1,1,833	0.00000E+000	942.40000E-012	140.30506E+000	34.94400E+000	13.77600E-006	140.30506E+000
1,1,834	0.00000E+000	950.00000E-012	140.48286E+000	34.98600E+000	-10.99300E-006	140.48286E+000
1,1,835	0.00000E+000	956.10000E-012	140.65116E+000	35.02800E+000	-3.09500E-006	140.65116E+000
1,1,836	0.00000E+000	963.20000E-012	140.81942E+000	35.07000E+000	5.40100E-006	140.81942E+000
1,1,837	0.00000E+000	968.70000E-012	140.98796E+000	35.11200E+000	11.51300E-006	140.98796E+000
1,1,838	0.00000E+000	974.70000E-012	141.15623E+000	35.15400E+000	14.43600E-006	141.15623E+000
1,1,839	0.00000E+000	982.40000E-012	141.32448E+000	35.19600E+000	12.38000E-006	141.32448E+000
1,1,840	0.00000E+000	985.90000E-012	141.49299E+000	35.23800E+000	4.11200E-006	141.49299E+000
1,1,841	0.00000E+000	993.00000E-012	141.66124E+000	35.28000E+000	-4.30700E-006	141.66124E+000
1,1,842	0.00000E+000	997.80000E-012	141.82950E+000	35.32200E+000	-9.97200E-006	141.82950E+000
1,1,843	0.00000E+000	1.00520E-009	141.99778E+000	35.36400E+000	-14.65700E-006	141.99778E+000
1,1,844	0.00000E+000	1.00990E-009	142.16605E+000	35.40600E+000	-13.21700E-006	142.16605E+000
1,1,845	0.00000E+000	1.01520E-009	142.33429E+000	35.44800E+000	-6.96500E-006	142.33429E+000
1,1,846	0.00000E+000	1.01900E-009	142.50256E+000	35.49000E+000	505.00000E-009	142.50256E+000
1,1,847	0.00000E+000	1.02380E-009	142.67087E+000	35.53200E+000	8.99600E-006	142.67087E+000
1,1,848	0.00000E+000	1.02800E-009	142.83912E+000	35.57400E+000	13.41100E-006	142.83912E+000
1,1,849	0.00000E+000	1.03230E-009	143.00767E+000	35.61600E+000	13.63300E-006	143.00767E+000
1,1,850	0.00000E+000	1.03490E-009	143.17596E+000	35.65800E+000	8.79200E-006	143.17596E+000
1,1,851	0.00000E+000	1.02940E-009	143.34419E+000	35.70000E+000	1.81900E-006	143.34419E+000
1,1,852	0.00000E+000	1.04210E-009	143.51247E+000	35.74200E+000	-7.25500E-006	143.51247E+000
1,1,853	0.00000E+000	1.04850E-009	143.68075E+000	35.78400E+000	-11.73800E-006	143.68075E+000
1,1,854	0.00000E+000	1.04480E-009	143.84901E+000	35.82600E+000	-14.33900E-006	143.84901E+000
1,1,855	0.00000E+000	1.04750E-009	144.01727E+000	35.86800E+000	-12.38700E-006	144.01727E+000
1,1,856	0.00000E+000	1.04850E-009	144.18554E+000	35.91000E+000	-4.72100E-006	144.18554E+000
1,1,857	0.00000E+000	1.04930E-009	144.35381E+000	35.95200E+000	3.68100E-006	144.35381E+000
1,1,858	0.00000E+000	1.04950E-009	144.52209E+000	35.99400E+000	9.97800E-006	144.52209E+000
1,1,859	0.00000E+000	1.04990E-009	144.69035E+000	36.03600E+000	14.17300E-006	144.69035E+000
1,1,860	0.00000E+000	1.04950E-009	144.85862E+000	36.07800E+000	13.55300E-006	144.85862E+000
1,1,861	0.00000E+000	1.05430E-009	145.02690E+000	36.12000E+000	7.81900E-006	145.02690E+000
1,1,862	0.00000E+000	1.04550E-009	145.19515E+000	36.16200E+000	471.00000E-009	145.19515E+000
1,1,863	0.00000E+000	1.04890E-009	145.36341E+000	36.20400E+000	-8.20200E-006	145.36341E+000
1,1,864	0.00000E+000	1.05020E-009	145.53169E+000	36.24600E+000	-12.79500E-006	145.53169E+000
1,1,865	0.00000E+000	1.05050E-009	145.69996E+000	36.28790E+000	-14.02700E-006	145.69996E+000
1,1,866	0.00000E+000	1.04310E-009	145.86822E+000	36.33000E+000	-11.63400E-006	145.86822E+000
1,1,867	0.00000E+000	1.04540E-009	146.03650E+000	36.37200E+000	-3.48600E-006	146.03650E+000
1,1,868	0.00000E+000	1.04330E-009	146.20477E+000	36.41400E+000	4.92000E-006	146.20477E+000
1,1,869	0.00000E+000	1.04530E-009	146.37300E+000	36.45600E+000	10.20800E-006	146.37300E+000
1,1,870	0.00000E+000	1.03780E-009	146.54127E+000	36.49800E+000	15.00700E-006	146.54127E+000
1,1,871	0.00000E+000	1.03620E-009	146.70953E+000	36.54000E+000	12.85400E-006	146.70953E+000
1,1,872	0.00000E+000	1.03190E-009	146.87779E+000	36.58200E+000	6.88800E-006	146.87779E+000
1,1,873	0.00000E+000	1.03040E-009	147.04606E+000	36.62400E+000	-926.00000E-009	147.04606E+000
1,1,874	0.00000E+000	1.02650E-009	147.21432E+000	36.66600E+000	-8.93200E-006	147.21432E+000
1,1,875	0.00000E+000	1.02500E-009	147.38277E+000	36.70800E+000	-13.73900E-006	147.38277E+000
1,1,876	0.00000E+000	1.02360E-009	147.55105E+000	36.75000E+000	-13.68000E-006	147.55105E+000
1,1,877	0.00000E+000	1.02300E-009	147.71932E+000	36.79200E+000	-9.05800E-006	147.71932E+000
1,1,878	0.00000E+000	1.01840E-009	147.88757E+000	36.83400E+000	-1.78200E-006	147.88757E+000
1,1,879	0.00000E+000	1.01450E-009	148.05584E+000	36.87600E+000	7.42900E-006	148.05584E+000
1,1,880	0.00000E+000	1.00960E-009	148.22409E+000	36.91800E+000	11.81100E-006	148.22409E+000
1,1,881	0.00000E+000	1.00400E-009	148.39234E+000	36.96000E+000	14.28700E-006	148.39234E+000
1,1,882	0.00000E+000	992.30000E-012	148.56061E+000	37.00200E+000	12.32300E-006	148.56061E+000
1,1,883	0.00000E+000	997.70000E-012	148.72887E+000	37.04400E+000	4.81800E-006	148.72887E+000
1,1,884	0.00000E+000	991.60000E-012	148.89714E+000	37.08600E+000	-3.77900E-006	148.89714E+000
1,1,885	0.00000E+000	989.80000E-012	149.06543E+000	37.12800E+000	-9.94200E-006	149.06543E+000
1,1,886	0.00000E+000	992.60000E-012	149.23381E+000	37.17000E+000	-14.83300E-006	149.23381E+000
1,1,887	0.00000E+000	984.70000E-012	149.40206E+000	37.21200E+000	-12.82100E-006	149.40206E+000
1,1,888	0.00000E+000	985.40000E-012	149.57036E+000	37.25400E+000	-6.39800E-006	149.57036E+000
1,1,889	0.00000E+000	981.00000E-012	149.73860E+000	37.29600E+000	1.33800E-006	149.73860E+000
1,1,890	0.00000E+000	976.80000E-012	149.90686E+000	37.33800E+000	9.24000E-006	149.90686E+000
1,1,891	0.00000E+000	975.60000E-012	150.07514E+000	37.38000E+000	13.63800E-006	150.07514E+000
1,1,892	0.00000E+000	973.60000E-012	150.24339E+000	37.42200E+000	14.02100E-006	150.24339E+000
1,1,893	0.00000E+000	977.50000E-012	150.41163E+000	37.46400E+000	9.89500E-006	150.41163E+000
1,1,894	0.00000E+000	974.60000E-012	150.57992E+000	37.50600E+000	2.33100E-006	150.57992E+000
1,1,895	0.00000E+000	973.00000E-012	150.74818E+000	37.54800E+000	-6.69800E-006	150.74818E+000
1,1,896	0.00000E+000	972.40000E-012	150.91644E+000	37.59000E+000	-11.25800E-006	150.91644E+000
1,1,897	0.00000E+000	966.80000E-012	151.08470E+000	37.63200E+000	-14.43700E-006	151.08470E+000
1,1,898	300.00000E-009	980.70000E-012	151.25296E+000	37.67400E+000	-12.38200E-006	151.25296E+000
1,1,899	0.00000E+000	970.90000E-012	151.42120E+000	37.71600E+000	-5.15900E-006	151.42120E+000
1,1,900	0.00000E+000	978.80000E-012	151.58949E+000	37.75800E+000	3.22400E-006	151.58949E+000
1,1,901	0.00000E+000	971.20000E-012	151.75776E+000	37.80000E+000	9.95500E-006	151.75776E+000
1,1,902	0.00000E+000	964.90000E-012	151.92601E+000	37.84200E+000	14.02700E-006	151.92601E+000
1,1,903	0.00000E+000	956.70000E-012	152.09433E+000	37.88400E+000	13.66200E-006	152.09433E+000
1,1,904	0.00000E+000	954.40000E-012	152.26258E+000	37.92600E+000	7.67500E-006	152.26258E+000
1,1,905	0.00000E+000	952.90000E-012	152.43084E+000	37.96800E+000	583.00000E-009	152.43084E+000
1,1,906	0.00000E+000	950.00000E-012	152.59922E+000	38.01000E+000	-8.85500E-006	152.59922E+000
1,1,907	0.00000E+000	948.90000E-012	152.76747E+000	38.05200E+000	-13.37700E-006	152.76747E+000
1,1,908	0.00000E+000	957.30000E-012	152.93574E+000	38.09400E+000	-14.23100E-006	152.93574E+000
1,1,909	0.00000E+000	948.40000E-012	153.10414E+000	38.13600E+000	-9.22700E-006	153.10414E+000
1,1,910	0.00000E+000	945.20000E-012	153.27297E+000	38.17800E+000	1.53800E-006	153.27297E+000
1,1,911	0.00000E+000	948.60000E-012	153.44121E+000	38.22000E+000	9.27100E-006	153.44121E+000
1,1,912	0.00000E+000	942.00000E-012	153.60949E+000	38.26200E+000	13.64800E-006	153.60949E+000
1,1,913	0.00000E+000	945.80000E-012	153.77775E+000	38.30400E+000	13.99200E-006	153.77775E+000
1,1,914	0.00000E+000	947.00000E-012	153.94599E+000	38.34600E+000	9.93700E-006	153.94599E+000
1,1,915	0.00000E+000	946.90000E-012	154.11427E+000	38.38800E+000	2.30100E-006	154.11427E+000
1,1,916	0.00000E+000	946.20000E-012	154.28279E+000	38.43000E+000	-8.03500E-006	154.28279E+000
1,1,917	0.00000E+000	946.30000E-012	154.45105E+000	38.47200E+000	-12.56000E-006	154.45105E+000
1,1,918	0.00000E+000	946.60000E-012	154.61933E+000	38.51400E+000	-14.40700E-006	154.61933E+000
1,1,919	0.00000E+000	950.70000E-012	154.78761E+000	38.55600E+000	-11.52100E-006	154.78761E+000
1,1,920	0.00000E+000	1.08300E-009	154.95637E+000	38.59800E+000	-1.22400E-006	154.95637E+000
1,1,921	0.00000E+000	951.50000E-012	155.12466E+000	38.64000E+000	8.04000E-006	155.12466E+000
1,1,922	0.00000E+000	943.90000E-012	155.29292E+000	38.68190E+000	12.63000E-006	155.29292E+000
1,1,923	0.00000E+000	935.60000E-012	155.46118E+000	38.72400E+000	14.47100E-006	155.46118E+000
1,1,924	0.00000E+000	936.60000E-012	155.62948E+000	38.76600E+000	11.57400E-006	155.62948E+000
1,1,925	0.00000E+000	938.90000E-012	155.79775E+000	38.80800E+000	3.65000E-006	155.79775E+000
1,1,926	100.00000E-009	950.50000E-012	155.96600E+000	38.85000E+000	-4.71400E-006	155.96600E+000
1,1,927	0.00000E+000	963.90000E-012	156.13427E+000	38.89200E+000	-10.24200E-006	156.13427E+000
1,1,928	0.00000E+000	972.80000E-012	156.30254E+000	38.93400E+000	-14.79600E-006	156.30254E+000
1,1,929	0.00000E+000	960.20000E-012	156.47081E+000	38.97600E+000	-12.57000E-006	156.47081E+000
1,1,930	0.00000E+000	967.50000E-012	156.63912E+000	39.01800E+000	-5.94100E-006	156.63912E+000
1,1,931	0.00000E+000	996.20000E-012	156.80738E+000	39.06000E+000	2.04200E-006	156.80738E+000
1,1,932	0.00000E+000	972.00000E-012	156.97581E+000	39.10200E+000	9.82500E-006	156.97581E+000
1,1,933	0.00000E+000	971.50000E-012	157.14407E+000	39.14400E+000	13.88600E-006	157.14407E+000
1,1,934	0.00000E+000	980.40000E-012	157.31234E+000	39.18600E+000	13.72600E-006	157.31234E+000
1,1,935	0.00000E+000	990.20000E-012	157.50267E+000	39.22800E+000	-14.28800E-006	157.50267E+000
1,1,936	0.00000E+000	992.80000E-012	157.67093E+000	39.27000E+000	-13.51700E-006	157.67093E+000
1,1,937	0.00000E+000	994.90000E-012	157.83921E+000	39.31200E+000	-7.18600E-006	157.83921E+000
1,1,938	0.00000E+000	1.00040E-009	158.01677E+000	39.35400E+000	-5.76100E-006	158.01677E+000
1,1,939	0.00000E+000	1.00210E-009	158.18505E+000	39.39600E+000	-10.84300E-006	158.18505E+000
1,1,940	0.00000E+000	1.00730E-009	158.35331E+000	39.43790E+000	-14.62000E-006	158.35331E+000
1,1,941	0.00000E+000	1.01440E-009	158.52160E+000	39.48000E+000	-12.51500E-006	158.52160E+000
1,1,942	0.00000E+000	1.01580E-009	158.68984E+000	39.52200E+000	-5.47600E-006	158.68984E+000
1,1,943	0.00000E+000	1.02190E-009	158.85811E+000	39.56400E+000	2.58200E-006	158.85811E+000
1,1,944	0.00000E+000	1.02530E-009	159.02640E+000	39.60600E+000	9.82800E-006	159.02640E+000
1,1,945	100.00000E-009	1.03210E-009	159.19465E+000	39.64800E+000	13.89700E-006	159.19465E+000
1,1,946	0.00000E+000	1.04070E-009	159.36291E+000	39.69000E+000	13.71600E-006	159.36291E+000
1,1,947	0.00000E+000	1.04250E-009	159.53120E+000	39.73200E+000	8.21400E-006	159.53120E+000
1,1,948	0.00000E+000	1.49710E-009	159.69947E+000	39.77400E+000	759.00000E-009	159.69947E+000
1,1,949	0.00000E+000	1.06900E-009	159.86772E+000	39.81600E+000	-8.03200E-006	159.86772E+000
1,1,950	0.00000E+000	1.05750E-009	160.03766E+000	39.85800E+000	-14.41500E-006	160.03766E+000
1,1,951	0.00000E+000	1.05980E-009	160.20592E+000	39.90000E+000	-10.76000E-006	160.20592E+000
1,1,952	0.00000E+000	1.06340E-009	160.37424E+000	39.94200E+000	-2.77800E-006	160.37424E+000
1,1,953	0.00000E+000	1.06800E-009	160.54252E+000	39.98400E+000	6.19700E-006	160.54252E+000
1,1,954	0.00000E+000	1.06780E-009	160.71077E+000	40.02600E+000	11.07500E-006	160.71077E+000
1,1,955	0.00000E+000	1.07950E-009	160.87914E+000	40.06800E+000	14.46400E-006	160.87914E+000
1,1,956	0.00000E+000	1.08530E-009	161.04741E+000	40.11000E+000	12.42500E-006	161.04741E+000
1,1,957	0.00000E+000	1.09100E-009	161.21568E+000	40.15200E+000	5.19100E-006	161.21568E+000
1,1,958	0.00000E+000	1.09580E-009	161.38404E+000	40.19400E+000	-3.78000E-006	161.38404E+000
1,1,959	0.00000E+000	1.09140E-009	161.55232E+000	40.23600E+000	-10.02800E-006	161.55232E+000
1,1,960	0.00000E+000	1.10530E-009	161.72058E+000	40.27800E+000	-14.39400E-006	161.72058E+000
1,1,961	0.00000E+000	1.11100E-009	161.88895E+000	40.32000E+000	-12.92700E-006	161.88895E+000
1,1,962	0.00000E+000	1.11800E-009	162.05724E+000	40.36200E+000	-6.29500E-006	162.05724E+000
1,1,963	0.00000E+000	1.12180E-009	162.22551E+000	40.40400E+000	1.70600E-006	162.22551E+000
1,1,964	0.00000E+000	1.12560E-009	162.39398E+000	40.44600E+000	9.85900E-006	162.39398E+000
1,1,965	0.00000E+000	1.12940E-009	162.56226E+000	40.48800E+000	13.93800E-006	162.56226E+000
1,1,966	0.00000E+000	1.13410E-009	162.73052E+000	40.53000E+000	13.71100E-006	162.73052E+000
1,1,967	0.00000E+000	1.13850E-009	162.89888E+000	40.57200E+000	7.63500E-006	162.89888E+000
1,1,968	0.00000E+000	1.14140E-009	163.06717E+000	40.61400E+000	297.00000E-009	163.06717E+000
1,1,969	0.00000E+000	1.14550E-009	163.23542E+000	40.65600E+000	-8.62400E-006	163.23542E+000
1,1,970	0.00000E+000	1.14990E-009	163.40378E+000	40.69800E+000	-13.50300E-006	163.40378E+000
1,1,971	0.00000E+000	1.15340E-009	163.57206E+000	40.74000E+000	-14.05800E-006	163.57206E+000
1,1,972	0.00000E+000	1.15490E-009	163.74031E+000	40.78190E+000	-9.90700E-006	163.74031E+000
1,1,973	0.00000E+000	1.15900E-009	163.90868E+000	40.82400E+000	-2.18400E-006	163.90868E+000
1,1,974	0.00000E+000	1.16100E-009	164.07697E+000	40.86600E+000	7.22800E-006	164.07697E+000
1,1,975	0.00000E+000	1.16450E-009	164.24521E+000	40.90800E+000	11.56000E-006	164.24521E+000
1,1,976	0.00000E+000	1.17370E-009	164.41377E+000	40.95000E+000	14.40100E-006	164.41377E+000
1,1,977	0.00000E+000	1.17020E-009	164.58205E+000	40.99200E+000	10.98500E-006	164.58205E+000
1,1,978	0.00000E+000	1.17140E-009	164.75030E+000	41.03400E+000	3.33000E-006	164.75030E+000
1,1,979	0.00000E+000	1.17360E-009	164.91908E+000	41.07600E+000	-8.05100E-006	164.91908E+000
1,1,980	0.00000E+000	1.17450E-009	165.08734E+000	41.11800E+000	-12.72100E-006	165.08734E+000
1,1,981	0.00000E+000	1.17600E-009	165.25562E+000	41.16000E+000	-14.20000E-006	165.25562E+000
1,1,982	-100.00000E-009	1.18150E-009	165.42392E+000	41.20200E+000	-10.76300E-006	165.42392E+000
1,1,983	-100.00000E-009	1.17800E-009	165.59220E+000	41.24400E+000	-3.11500E-006	165.59220E+000
1,1,984	0.00000E+000	1.17840E-009	165.76048E+000	41.28600E+000	5.96100E-006	165.76048E+000
1,1,985	0.00000E+000	1.18030E-009	165.92879E+000	41.32800E+000	11.02700E-006	165.92879E+000
1,1,986	0.00000E+000	1.18040E-009	166.09722E+000	41.37000E+000	14.41000E-006	166.09722E+000
1,1,987	0.00000E+000	1.18070E-009	166.26548E+000	41.41200E+000	12.37500E-006	166.26548E+000
1,1,988	0.00000E+000	1.18050E-009	166.43377E+000	41.45400E+000	4.78600E-006	166.43377E+000
1,1,989	0.00000E+000	1.17980E-009	166.60202E+000	41.49600E+000	-3.79900E-006	166.60202E+000
1,1,990	0.00000E+000	1.17960E-009	166.77046E+000	41.53800E+000	-10.22600E-006	166.77046E+000
1,1,991	0.00000E+000	1.17920E-009	166.93876E+000	41.58000E+000	-14.85900E-006	166.93876E+000
1,1,992	0.00000E+000	1.17900E-009	167.10702E+000	41.62200E+000	-12.69200E-006	167.10702E+000
1,1,993	0.00000E+000	1.17850E-009	167.27527E+000	41.66400E+000	-6.19300E-006	167.27527E+000
1,1,994	0.00000E+000	1.17810E-009	167.44358E+000	41.70600E+000	1.99900E-006	167.44358E+000
1,1,995	0.00000E+000	1.17540E-009	167.61185E+000	41.74800E+000	9.49100E-006	167.61185E+000
1,1,996	0.00000E+000	1.18400E-009	167.78027E+000	41.79000E+000	13.98800E-006	167.78027E+000
1,1,997	0.00000E+000	1.17650E-009	167.94857E+000	41.83200E+000	13.69500E-006	167.94857E+000
1,1,998	0.00000E+000	1.17570E-009	168.11684E+000	41.87400E+000	7.86100E-006	168.11684E+000
1,1,999	0.00000E+000	1.17700E-009	168.28525E+000	41.91600E+000	-656.00000E-009	168.28525E+000
1,1,1000	0.00000E+000	1.17450E-009	168.45355E+000	41.95800E+000	-8.93700E-006	168.45355E+000
1,1,1001	0.00000E+000	1.17220E-009	168.62215E+000	42.00000E+000	-13.88100E-006	168.62215E+000
