0.147	-2.6975e-11	0.147	5.7499999999999995e-12
0.315	-3.248125e-11	0.315	3.25e-12
0.48299999999999993	-2.5325e-11	0.483	1.045e-11
0.651	-2.3762500000000003e-11	0.651	1.32e-11
0.882	-2.115405405405406e-11	0.756	2.900000000000001e-12
1.218	-1.4221621621621625e-11	0.756	2.825e-11
1.553997297297297	-1.4594594594594563e-12	0.756	1.68e-11
1.8899972972972974	1.8756756756756748e-12	0.756	1.78e-11
2.225997297297297	9.194594594594595e-12	0.7560000000000001	1.405e-11
2.5619972972972973	1.4759459459459456e-11	0.756	1.3150000000000001e-11
2.897997297297297	1.9051351351351353e-11	0.7560499999999999	9.95e-12
3.234	2.183243243243243e-11	0.756	1.3900000000000002e-11
3.5700000000000003	2.8948648648648646e-11	0.7559999999999998	7.999999999999998e-13
3.9059999999999997	3.354594594594595e-11	0.756	2.6799999999999997e-11
4.241999999999999	4.31054054054054e-11	0.756	3.545e-11
4.578	5.00945945945946e-11	0.7559999999999998	2.0150000000000003e-11
4.913997297297298	5.853513513513515e-11	0.7559999999999998	1.505e-11
5.249997297297296	6.842162162162164e-11	0.7560000000000002	1.785e-11
5.5859972972972995	7.462972972972974e-11	0.7559999999999998	1.1599999999999997e-11
5.9219945945945955	8.042972972972973e-11	0.7559999999999998	1.475e-11
6.257994594594594	8.715405405405405e-11	0.7560000000000002	1.5099999999999998e-11
6.593997297297298	9.037297297297296e-11	0.7559999999999998	1.1899999999999999e-11
6.929997297297297	9.504594594594593e-11	0.7559999999999998	2.95e-12
7.266000000000001	1.2367027027027026e-10	0.7560000000000002	5.295e-11
7.602	1.292189189189189e-10	0.7560000000000002	1.0900000000000002e-11
7.937997297297295	1.3540270270270274e-10	0.7560000000000002	1.5600000000000003e-11
8.273994594594596	1.437945945945946e-10	0.7559499999999999	1.1949999999999995e-11
8.609994594594593	1.5364594594594592e-10	0.7559999999999998	2.6e-11
8.945994594594598	1.4162432432432432e-10	0.7560000000000002	2.8449999999999996e-11
9.281997297297295	1.5527297297297304e-10	0.7560000000000002	3.150000000000001e-11
9.617997297297297	1.7137027027027034e-10	0.7560000000000002	3.89e-11
9.954	1.9135675675675677e-10	0.7560000000000002	4.959999999999999e-11
10.289999999999997	2.1217567567567564e-10	0.7559999999999993	4.319999999999999e-11
10.626000000000001	2.2857297297297298e-10	0.7560000000000002	3.155000000000001e-11
10.961999999999998	2.546756756756757e-10	0.7560000000000002	3.904e-10
11.298000000000002	2.560864864864865e-10	0.7560000000000002	1.2799999999999984e-11
11.633997297297297	2.4671891891891893e-10	0.7560000000000002	3.0399999999999993e-11
11.969994594594594	2.365216216216216e-10	0.7560000000000002	2.4650000000000013e-11
12.305994594594598	2.5038648648648653e-10	0.7559999999999993	4.0000000000000637e-13
12.641994594594594	2.3006486486486491e-10	0.7560000000000002	1.2950000000000004e-11
12.977997297297298	2.370432432432433e-10	0.7560000000000002	2.4049999999999997e-11
13.313994594594595	2.4987027027027025e-10	0.7560000000000002	3.4199999999999996e-11
13.649994594594597	2.668027027027027e-10	0.7560000000000002	3.5200000000000005e-11
13.985994594594596	2.8287567567567574e-10	0.7560000000000002	5.63e-11
14.321994594594589	3.100459459459459e-10	0.7559999999999993	6.729999999999999e-11
14.657997297297298	3.424945945945947e-10	0.7560500000000001	7.840000000000001e-11
14.993999999999998	3.767162162162164e-10	0.7560000000000002	7.435000000000001e-11
15.330000000000002	4.043621621621621e-10	0.7559999999999993	5.709999999999999e-11
15.666000000000002	4.053459459459459e-10	0.7560000000000002	1.3699999999999989e-11
16.0019972972973	4.023378378378378e-10	0.7559999999999993	2.6749999999999985e-11
16.3379972972973	3.8454054054054053e-10	0.7560000000000002	5.865e-11
16.673997297297298	3.591162162162162e-10	0.7560000000000002	5.330000000000001e-11
17.009997297297296	3.4216486486486474e-10	0.7559999999999985	1.5100000000000005e-11
17.345999999999997	3.6860810810810806e-10	0.7560000000000002	3.8930000000000004e-10
17.681997297297293	3.7990540540540544e-10	0.7560000000000002	4.000000000000012e-12
18.0179972972973	3.8966486486486494e-10	0.7560000000000002	3.475000000000001e-11
18.353994594594596	4.0917297297297303e-10	0.7560000000000002	5.080000000000002e-11
18.689994594594598	4.1547567567567567e-10	0.7560000000000002	5.1749999999999976e-11
19.025994594594593	4.119810810810811e-10	0.7560000000000002	8.714999999999998e-11
19.361994594594595	4.55045945945946e-10	0.7559999999999985	1.0395000000000001e-10
19.697997297297295	5.008351351351353e-10	0.7560000000000002	1.0635000000000003e-10
20.033994594594596	5.453027027027026e-10	0.7560000000000002	9.250000000000002e-11
20.369994594594594	5.784108108108109e-10	0.7560000000000002	5.175e-11
20.705994594594596	5.924513513513515e-10	0.7560500000000001	5.499999999999619e-13
21.041994594594595	5.792027027027028e-10	0.7559999999999985	6.074999999999997e-11
21.377994594594597	5.470324324324324e-10	0.7560000000000002	8.319999999999998e-11
21.7139972972973	5.094810810810813e-10	0.7560000000000002	8.339999999999999e-11
22.049997297297296	4.755756756756757e-10	0.7560000000000002	6.8e-11
22.386000000000003	4.55227027027027e-10	0.7560000000000002	2.619999999999997e-11
22.721999999999998	4.526324324324324e-10	0.7560000000000002	9.600000000000024e-12
23.057997297297298	4.6091081081081087e-10	0.7560000000000002	3.3250000000000014e-11
23.393997297297293	4.819756756756756e-10	0.7559999999999985	6.219999999999998e-11
23.7299972972973	5.128702702702702e-10	0.7560000000000002	8.995000000000001e-11
24.065997297297294	5.546108108108108e-10	0.7560000000000002	1.0515000000000002e-10
24.401997297297296	6.052324324324324e-10	0.7560000000000002	1.215e-10
24.738000000000003	6.592e-10	0.7560000000000002	1.1915e-10
25.073999999999998	7.076027027027027e-10	0.7559999999999985	9.775e-11
25.410000000000004	7.42381081081081e-10	0.7560000000000002	5.794999999999999e-11
25.74599729729729	7.54727027027027e-10	0.7560000000000002	2.2499999999999664e-12
26.081997297297296	7.43291891891892e-10	0.7560000000000002	5.045000000000002e-11
26.41799729729729	7.132108108108107e-10	0.7560000000000002	8.010000000000001e-11
26.7539972972973	6.758810810810809e-10	0.7560000000000002	8.595e-11
27.089997297297298	6.402378378378379e-10	0.7560000000000002	7.235000000000001e-11
27.425997297297293	6.159162162162163e-10	0.7559999999999985	4.270000000000002e-11
27.761997297297295	6.039594594594595e-10	0.7560000000000002	7.849999999999978e-12
28.09799459459459	6.069810810810812e-10	0.7560000000000002	1.9400000000000005e-11
28.433994594594594	6.229837837837837e-10	0.7560000000000002	4.874999999999996e-11
28.769994594594596	6.519729729729729e-10	0.7560500000000001	8.034999999999999e-11
29.1059972972973	6.91383783783784e-10	0.7559999999999985	1.0209999999999999e-10
29.441994594594597	7.405081081081083e-10	0.7560500000000001	1.2015e-10
29.7779972972973	7.926513513513512e-10	0.7560000000000002	1.151e-10
30.1139972972973	8.415081081081083e-10	0.7560000000000002	1.0894999999999997e-10
30.449997297297294	8.803864864864867e-10	0.7560000000000002	6.605e-11
30.7859972972973	8.971756756756759e-10	0.7560000000000002	1.3500000000000005e-11
31.121999999999996	8.980567567567569e-10	0.7560000000000002	2.915e-11
31.458000000000006	8.773729729729728e-10	0.7559999999999985	6.174999999999997e-11
31.793999999999997	8.473162162162162e-10	0.7559999999999985	7.544999999999998e-11
32.129999999999995	8.171216216216218e-10	0.756000000000002	6.055000000000001e-11
32.46599729729731	7.899135135135135e-10	0.7560000000000002	4.849999999999999e-11
32.8019972972973	7.760594594594594e-10	0.7560000000000002	1.934999999999999e-11
33.1379945945946	7.725108108108109e-10	0.7560000000000002	7.45000000000001e-12
33.47399459459459	7.818621621621623e-10	0.7559999999999967	3.64e-11
33.8099945945946	8.024216216216216e-10	0.7560000000000002	5.865e-11
34.14599729729729	8.347945945945946e-10	0.7560000000000002	8.429999999999996e-11
34.482000000000006	8.762621621621624e-10	0.7560000000000002	1.0200000000000006e-10
34.818000000000005	9.230459459459459e-10	0.7560000000000002	1.0089999999999998e-10
35.154	9.67556756756757e-10	0.7559999999999967	9.500000000000003e-11
35.49	1.0041837837837839e-09	0.7560000000000002	7.004999999999998e-11
35.82599729729729	1.0277135135135138e-09	0.7560000000000002	3.434999999999999e-11
36.1619972972973	1.0358243243243241e-09	0.7560000000000002	1.50000000000046e-13
36.49799729729729	1.0289486486486487e-09	0.7560000000000002	2.835000000000001e-11
36.833997297297294	1.0133918918918916e-09	0.7560000000000002	3.8549999999999934e-11
37.169999999999995	9.960135135135132e-10	0.7560000000000002	4.4449999999999986e-11
37.50599999999999	9.775513513513515e-10	0.7560000000000002	4.0800000000000004e-11
37.84199999999999	9.67535135135135e-10	0.7560000000000002	4.570000000000006e-11
38.177997297297296	9.59864864864865e-10	0.7560000000000002	4.000000000000193e-13
38.5139972972973	9.609810810810812e-10	0.7560000000000002	6.999999999999976e-12
38.84999459459459	9.719081081081083e-10	0.7560000000000002	3.3999999999999986e-11
39.1859945945946	1.0065270270270273e-09	0.7560000000000002	5.859999999999998e-11
39.5219972972973	1.0330216216216218e-09	0.7560000000000002	8.435000000000002e-11
39.857997297297295	1.069054054054054e-09	0.7560000000000002	8.470000000000003e-11
40.1939945945946	1.1057459459459458e-09	0.7560500000000019	8.319999999999998e-11
40.52999729729729	1.1382756756756759e-09	0.7560000000000002	1.5934999999999997e-10
40.8659972972973	1.1511783783783783e-09	0.7560000000000002	4.685e-11
41.201997297297304	1.1673972972972968e-09	0.7560000000000002	2.4450000000000055e-11
41.39099666666667	1.1749366666666668e-09	0.6090499999999999	8.649999999999965e-12
